
# Surface 0 of 1 surfaces

# Curve title: "'jone_physicsxe_gnu_radn.gnu' using ($3):($4):($5 <= 1 ? 1/0 :$5)"

# Contour 0, label:  2.2e+05
 3.31222  0.195831  220000 
 3.30824  0.214288  220000 
 3.30468  0.229175  220000 
 3.30207  0.239707  220000 
 3.30022  0.247311  220000 
 3.29876  0.253964  220000 
 3.29733  0.261645  220000 
 3.29555  0.272333  220000 
 3.29321  0.287469  220000 
 3.29062  0.30635  220000 
 3.28825  0.327735  220000 
 3.28655  0.350384  220000 
 3.28598  0.373058  220000 
 3.28685  0.394675  220000 
 3.28885  0.414793  220000 
 3.29153  0.433129  220000 
 3.29442  0.449401  220000 
 3.29707  0.463325  220000 
 3.2991  0.474721  220000 
 3.30052  0.483816  220000 
 3.30142  0.490937  220000 
 3.3019  0.496415  220000 
 3.30203  0.500578  220000 
 3.30183  0.503717  220000 
 3.30087  0.505975  220000 
 3.29865  0.507458  220000 
 3.29467  0.50827  220000 
 3.28841  0.508517  220000 
 3.27964  0.50831  220000 
 3.26921  0.507777  220000 
 3.25824  0.507052  220000 
 3.24783  0.506268  220000 
 3.23911  0.505561  220000 
 3.23293  0.505035  220000 
 3.229  0.504685  220000 
 3.22679  0.504477  220000 
 3.22575  0.504377  220000 
 3.22534  0.504351  220000 
 3.22506  0.504538  220000 
 3.22458  0.505766  220000 
 3.22363  0.509034  220000 
 3.22193  0.515345  220000 
 3.21921  0.525697  220000 
 3.21527  0.540629  220000 
 3.21021  0.55883  220000 
 3.20423  0.578524  220000 
 3.19751  0.597939  220000 
 3.19026  0.6153  220000 
 3.18258  0.629255  220000 
 3.17436  0.64014  220000 
 3.1654  0.648711  220000 
 3.15549  0.655728  220000 
 3.14445  0.661948  220000 
 3.13216  0.667958  220000 
 3.1188  0.673669  220000 
 3.10465  0.678821  220000 
 3.08996  0.683156  220000 
 3.075  0.686414  220000 
 3.06  0.688375  220000 
 3.045  0.688983  220000 
 3.03  0.688219  220000 
 3.015  0.686067  220000 
 3  0.682508  220000 
 2.98507  0.677604  220000 
 2.9706  0.67173  220000 
 2.95702  0.665338  220000 
 2.94479  0.658883  220000 
 2.93436  0.652818  220000 
 2.92597  0.647433  220000 
 2.91909  0.642363  220000 
 2.91295  0.637081  220000 
 2.90682  0.63106  220000 
 2.89994  0.623772  220000 

 2.89994  0.623771  220000 
 2.89176  0.614834  220000 
 2.8825  0.604456  220000 
 2.87258  0.592989  220000 
 2.8624  0.580788  220000 
 2.85239  0.568205  220000 
 2.84287  0.555505  220000 
 2.83387  0.542606  220000 
 2.82537  0.529332  220000 
 2.81729  0.515514  220000 
 2.80961  0.500977  220000 
 2.8023  0.485668  220000 
 2.79545  0.470009  220000 
 2.78916  0.454539  220000 
 2.78355  0.439798  220000 
 2.77872  0.426327  220000 
 2.77473  0.414401  220000 
 2.77147  0.403235  220000 
 2.76875  0.39178  220000 
 2.76641  0.378988  220000 
 2.76427  0.363808  220000 
 2.7622  0.345482  220000 
 2.76029  0.324408  220000 
 2.75863  0.301271  220000 
 2.75735  0.27676  220000 
 2.75656  0.251562  220000 
 2.75636  0.226378  220000 
 2.75673  0.20196  220000 
 2.75764  0.179075  220000 
 2.75905  0.15849  220000 
 2.76092  0.140972  220000 
 2.76325  0.126944  220000 
 2.76612  0.115463  220000 
 2.76962  0.105239  220000 
 2.77387  0.094987  220000 
 2.77896  0.0834182  220000 
 2.78496  0.0696073  220000 
 2.79168  0.0540763  220000 
 2.7989  0.0377092  220000 
 2.80639  0.0213899  220000 
 2.81394  0.00600217  220000 
 2.82142 -0.00781142  220000 
 2.82907 -0.0203739  220000 
 2.83725 -0.0322497  220000 
 2.84631 -0.0440032  220000 
 2.85661 -0.0561988  220000 
 2.86828 -0.0691732  220000 
 2.88063 -0.0823521  220000 
 2.89273 -0.0949335  220000 
 2.90366 -0.106115  220000 
 2.91251 -0.115095  220000 
 2.91872 -0.121344  220000 
 2.92313 -0.125422  220000 
 2.92694 -0.12816  220000 
 2.93134 -0.130391  220000 
 2.93754 -0.132947  220000 
 2.94644 -0.13644  220000 
 2.95774 -0.140606  220000 
 2.97083 -0.14496  220000 
 2.98512 -0.149016  220000 
 3.00001 -0.15229  220000 
 3.015 -0.154387  220000 
 3.02998 -0.15527  220000 
 3.04492 -0.154994  220000 
 3.05982 -0.153611  220000 
 3.07464 -0.151175  220000 
 3.0893 -0.147793  220000 
 3.10331 -0.143781  220000 
 3.11615 -0.139511  220000 
 3.12725 -0.135352  220000 
 3.13608 -0.131674  220000 
 3.1423 -0.128605  220000 
 3.14652 -0.1253  220000 
 3.14958 -0.12067  220000 
 3.1523 -0.113628  220000 
 3.15551 -0.103084  220000 
 3.15987 -0.0883797  220000 
 3.16532 -0.0705615  220000 
 3.17164 -0.0511055  220000 
 3.1786 -0.031487  220000 
 3.18597 -0.0131816  220000 
 3.1936  0.00260021  220000 
 3.20166  0.0157079  220000 
 3.2104  0.0262558  220000 
 3.22005  0.0343585  220000 
 3.23087  0.0401304  220000 
 3.24294  0.0438535  220000 
 3.25578  0.0464803  220000 
 3.26874  0.0491308  220000 
 3.28117  0.0529251  220000 
 3.29243  0.0589833  220000 
 3.30197  0.0681853  220000 
 3.30957  0.0804504  220000 
 3.31514  0.095458  220000 
 3.31856  0.112887  220000 
 3.31973  0.132418  220000 
 3.31866  0.153558  220000 
 3.31593  0.175142  220000 
 3.31222  0.195831  220000 


# Contour 1, label:    2e+05
 3.19486 -0.199782  200000 
 3.2086 -0.188741  200000 
 3.22215 -0.177776  200000 
 3.23507 -0.16727  200000 
 3.24711 -0.157399  200000 
 3.25809 -0.148287  200000 
 3.26782 -0.140057  200000 
 3.27611 -0.132834  200000 
 3.28291 -0.126565  200000 
 3.2888 -0.120496  200000 
 3.2945 -0.113696  200000 
 3.30073 -0.105236  200000 
 3.30821 -0.0941852  200000 
 3.3174 -0.0799959  200000 
 3.32771 -0.0636501  200000 
 3.33827 -0.0465126  200000 
 3.34824 -0.0299478  200000 
 3.35675 -0.0153203  200000 
 3.36319 -0.00355448  200000 
 3.36793  0.00618643  200000 
 3.37155  0.0151793  200000 
 3.37465  0.0247011  200000 
 3.37785  0.0360288  200000 
 3.3816  0.0501567  200000 
 3.3859  0.0669488  200000 
 3.39061  0.0859865  200000 
 3.39561  0.106851  200000 
 3.40074  0.129124  200000 
 3.40586  0.152424  200000 
 3.41067  0.176516  200000 
 3.41487  0.201201  200000 
 3.41815  0.226283  200000 
 3.4202  0.251562  200000 
 3.4208  0.276875  200000 
 3.42007  0.302187  200000 
 3.41821  0.3275  200000 
 3.41544  0.352812  200000 
 3.41196  0.378125  200000 
 3.40797  0.403312  200000 
 3.40367  0.42775  200000 
 3.39925  0.450686  200000 
 3.39489  0.471372  200000 
 3.39079  0.489056  200000 
 3.38705  0.503321  200000 
 3.38335  0.515072  200000 
 3.37931  0.525549  200000 
 3.37453  0.535989  200000 
 3.36862  0.547631  200000 
 3.36133  0.561341  200000 
 3.35305  0.576491  200000 
 3.34432  0.592081  200000 
 3.33569  0.607111  200000 
 3.32769  0.620581  200000 
 3.32067  0.631777  200000 
 3.31417  0.641136  200000 
 3.30755  0.64938  200000 
 3.30014  0.657233  200000 
 3.2913  0.665417  200000 
 3.28059  0.674479  200000 
 3.26846  0.684262  200000 
 3.25561  0.694429  200000 
 3.24269  0.704646  200000 
 3.23038  0.714579  200000 
 3.21923  0.723939  200000 
 3.2092  0.732624  200000 
 3.2001  0.740578  200000 
 3.19178  0.747746  200000 
 3.18404  0.754073  200000 
 3.17668  0.759547  200000 
 3.1693  0.764336  200000 
 3.1615  0.768656  200000 
 3.15283  0.772718  200000 
 3.14288  0.776738  200000 
 3.13136  0.78086  200000 
 3.11846  0.784958  200000 
 3.10454  0.788839  200000 
 3.08994  0.792308  200000 
 3.075  0.79517  200000 
 3.06  0.797263  200000 
 3.045  0.79854  200000 
 3.03  0.798989  200000 
 3.015  0.798592  200000 
 3  0.797337  200000 
 2.98504  0.795235  200000 
 2.97034  0.792397  200000 
 2.95614  0.788965  200000 
 2.9427  0.785077  200000 
 2.93027  0.780873  200000 
 2.91904  0.776461  200000 
 2.90892  0.771834  200000 
 2.89974  0.766953  200000 
 2.89135  0.76178  200000 
 2.88359  0.756278  200000 

 2.88359  0.756277  200000 
 2.87625  0.750388  200000 
 2.86894  0.743984  200000 
 2.86122  0.73692  200000 
 2.85264  0.729049  200000 
 2.84277  0.720225  200000 
 2.83136  0.7104  200000 
 2.81896  0.699916  200000 
 2.8063  0.68921  200000 
 2.79412  0.678723  200000 
 2.78316  0.668893  200000 
 2.77395  0.659956  200000 
 2.76611  0.651339  200000 
 2.75909  0.642266  200000 
 2.75229  0.631959  200000 
 2.74516  0.619644  200000 
 2.73728  0.60487  200000 
 2.729  0.588498  200000 
 2.72081  0.571717  200000 
 2.71322  0.555715  200000 
 2.70675  0.541679  200000 
 2.70175  0.530358  200000 
 2.69798  0.520739  200000 
 2.69505  0.51137  200000 
 2.69256  0.500797  200000 
 2.69012  0.487568  200000 
 2.68743  0.47061  200000 
 2.68446  0.450365  200000 
 2.68129  0.427654  200000 
 2.67799  0.403301  200000 
 2.67462  0.378125  200000 
 2.67126  0.352813  200000 
 2.66806  0.3275  200000 
 2.66513  0.302188  200000 
 2.66264  0.276875  200000 
 2.66072  0.251563  200000 
 2.65952  0.22625  200000 
 2.65917  0.200938  200000 
 2.6598  0.175625  200000 
 2.66156  0.150313  200000 
 2.66457  0.125  200000 
 2.66887  0.0998365  200000 
 2.67403  0.0755671  200000 
 2.67955  0.0530858  200000 
 2.68489  0.0332868  200000 
 2.68954  0.0170641  200000 
 2.69316  0.00488439  200000 
 2.69621 -0.00449462  200000 
 2.69933 -0.0127427  200000 
 2.70316 -0.0215296  200000 
 2.70835 -0.032525  200000 
 2.71533 -0.0468743  200000 
 2.72362 -0.063625  200000 
 2.73253 -0.0813006  200000 
 2.74139 -0.0984242  200000 
 2.7495 -0.113519  200000 
 2.7564 -0.125509  200000 
 2.76259 -0.134921  200000 
 2.76881 -0.142683  200000 
 2.77579 -0.149721  200000 
 2.78425 -0.156963  200000 
 2.79471 -0.165142  200000 
 2.80679 -0.174206  200000 
 2.81989 -0.183912  200000 
 2.83342 -0.194012  200000 
 2.84677 -0.204263  200000 
 2.85942 -0.214408  200000 
 2.87116 -0.224151  200000 
 2.88185 -0.233186  200000 
 2.89137 -0.241207  200000 
 2.89957 -0.247906  200000 
 2.90647 -0.253089  200000 
 2.91265 -0.257005  200000 
 2.91886 -0.260015  200000 
 2.92582 -0.26248  200000 
 2.93427 -0.264762  200000 
 2.94475 -0.267126  200000 
 2.957 -0.269462  200000 
 2.97059 -0.271567  200000 
 2.98507 -0.273235  200000 
 3 -0.274261  200000 
 3.01496 -0.274494  200000 
 3.02967 -0.273982  200000 
 3.0439 -0.272831  200000 
 3.05738 -0.27114  200000 
 3.06989 -0.269014  200000 
 3.08123 -0.266545  200000 
 3.09149 -0.263785  200000 
 3.10078 -0.260776  200000 
 3.10926 -0.257561  200000 
 3.11706 -0.254183  200000 
 3.12436 -0.250625  200000 
 3.13158 -0.246637  200000 
 3.13919 -0.241912  200000 
 3.14763 -0.236142  200000 
 3.15739 -0.229017  200000 
 3.16876 -0.220355  200000 
 3.18141 -0.210465  200000 
 3.19486 -0.199782  200000 


# Contour 2, label:  1.8e+05
 2.91  0.84554  180000 
 2.895  0.838394  180000 
 2.88  0.830581  180000 
 2.865  0.822235  180000 
 2.85  0.813488  180000 
 2.83509  0.804513  180000 
 2.8207  0.795636  180000 
 2.80736  0.787221  180000 
 2.7956  0.779633  180000 
 2.78594  0.773237  180000 
 2.77866  0.76818  180000 
 2.77302  0.76374  180000 
 2.76806  0.75898  180000 
 2.7628  0.75296  180000 
 2.75626  0.744741  180000 

 3.23364 -0.256713  180000 
 3.23919 -0.251556  180000 
 3.24584 -0.2447  180000 
 3.25426 -0.235662  180000 
 3.26415 -0.224808  180000 
 3.27502 -0.212719  180000 
 3.28634 -0.199977  180000 
 3.29761 -0.187163  180000 
 3.30837 -0.174761  180000 
 3.31851 -0.16287  180000 
 3.32796 -0.151489  180000 
 3.33667 -0.140621  180000 
 3.34458 -0.130265  180000 
 3.3517 -0.120354  180000 
 3.35823 -0.110547  180000 
 3.36441 -0.100433  180000 
 3.37051 -0.0896027  180000 
 3.37679 -0.0776463  180000 
 3.38344 -0.0642452  180000 
 3.39042 -0.0494479  180000 
 3.39767 -0.0333945  180000 
 3.40508 -0.0162249  180000 
 3.41257  0.00192061  180000 
 3.42002  0.0207907  180000 
 3.42721  0.0396878  180000 
 3.43389  0.0578033  180000 
 3.43981  0.0743282  180000 
 3.4447  0.0884537  180000 
 3.44842  0.0997507  180000 
 3.45118  0.109308  180000 
 3.45331  0.118595  180000 
 3.45512  0.129079  180000 
 3.45693  0.142231  180000 
 3.45897  0.159135  180000 
 3.46111  0.179347  180000 
 3.46313  0.20204  180000 
 3.4648  0.226388  180000 
 3.46592  0.251562  180000 
 3.46631  0.276805  180000 
 3.46601  0.301626  180000 
 3.46513  0.325604  180000 
 3.46376  0.348317  180000 
 3.46201  0.369346  180000 
 3.45995  0.388379  180000 
 3.45765  0.405557  180000 
 3.45514  0.421132  180000 
 3.45247  0.435354  180000 
 3.44968  0.448477  180000 
 3.44675  0.460835  180000 
 3.44344  0.473107  180000 
 3.43944  0.486051  180000 
 3.43445  0.500429  180000 
 3.42817  0.517002  180000 
 3.42045  0.536147  180000 
 3.41186  0.556705  180000 
 3.40312  0.577137  180000 
 3.39495  0.595899  180000 
 3.38807  0.611451  180000 
 3.38294  0.62279  180000 
 3.37886  0.631071  180000 
 3.37487  0.637986  180000 
 3.36999  0.645228  180000 
 3.36327  0.65449  180000 
 3.35407  0.66695  180000 
 3.34305  0.681721  180000 
 3.33121  0.697401  180000 
 3.31955  0.712589  180000 
 3.30907  0.725883  180000 
 3.30049  0.736246  180000 
 3.29337  0.744102  180000 
 3.28702  0.750239  180000 
 3.28073  0.755448  180000 
 3.27379  0.760516  180000 
 3.26563  0.766096  180000 
 3.25622  0.772287  180000 
 3.24567  0.779052  180000 
 3.23409  0.786353  180000 
 3.22157  0.794154  180000 
 3.20825  0.802385  180000 
 3.19426  0.810847  180000 
 3.17978  0.819311  180000 
 3.16497  0.827548  180000 
 3.15  0.835326  180000 
 3.135  0.842448  180000 
 3.12  0.848843  180000 
 3.105  0.854471  180000 
 3.09  0.859294  180000 
 3.075  0.863271  180000 
 3.06  0.866368  180000 
 3.045  0.868561  180000 
 3.03  0.869832  180000 
 3.015  0.870161  180000 
 3  0.86953  180000 
 2.985  0.867923  180000 
 2.97  0.865346  180000 
 2.955  0.861808  180000 
 2.94  0.857318  180000 
 2.925  0.851885  180000 
 2.91  0.84554  180000 

 2.75626  0.744741  180000 
 2.74777  0.73371  180000 
 2.73781  0.720555  180000 
 2.72719  0.706288  180000 
 2.71669  0.691923  180000 
 2.70709  0.678472  180000 
 2.69898  0.666599  180000 
 2.69203  0.655568  180000 
 2.68569  0.644296  180000 
 2.67942  0.631697  180000 
 2.67267  0.616688  180000 
 2.66508  0.598635  180000 
 2.65704  0.578707  180000 
 2.64911  0.558522  180000 
 2.64186  0.5397  180000 
 2.63586  0.52386  180000 
 2.63148  0.51206  180000 
 2.6284  0.503114  180000 
 2.62607  0.495272  180000 
 2.62398  0.486786  180000 
 2.62161  0.475909  180000 
 2.61855  0.461305  180000 
 2.61497  0.443297  180000 
 2.61116  0.42262  180000 
 2.6074  0.40001  180000 
 2.60398  0.376204  180000 
 2.60116  0.351829  180000 
 2.59897  0.327085  180000 
 2.59743  0.302065  180000 
 2.59655  0.27686  180000 
 2.59633  0.251563  180000 
 2.59677  0.226277  180000 
 2.59785  0.201155  180000 
 2.59956  0.176358  180000 
 2.60185  0.15205  180000 
 2.60472  0.128393  180000 
 2.6081  0.105611  180000 
 2.61178  0.0841677  180000 
 2.61553  0.0645861  180000 
 2.6191  0.0473905  180000 
 2.62225  0.0331047  180000 
 2.62486  0.0219093  180000 
 2.62728  0.0126111  180000 
 2.62999  0.00367396  180000 
 2.63346 -0.00643859  180000 
 2.63816 -0.0192629  180000 
 2.6444 -0.035814  180000 
 2.65177 -0.0550219  180000 
 2.65971 -0.0752954  180000 
 2.66765 -0.0950433  180000 
 2.67502 -0.112674  180000 
 2.68145 -0.127064  180000 
 2.68738 -0.138958  180000 
 2.69345 -0.149569  180000 
 2.7003 -0.160109  180000 
 2.70857 -0.17179  180000 
 2.71863 -0.185426  180000 
 2.72978 -0.200227  180000 
 2.74108 -0.215007  180000 
 2.75156 -0.228578  180000 
 2.76027 -0.239751  180000 
 2.76659 -0.247713  180000 
 2.7713 -0.253136  180000 
 2.77551 -0.257068  180000 
 2.78035 -0.260555  180000 
 2.78694 -0.264645  180000 
 2.79611 -0.27014  180000 
 2.80758 -0.276874  180000 
 2.82076 -0.284436  180000 
 2.8351 -0.292416  180000 
 2.85 -0.300405  180000 
 2.865 -0.308041  180000 
 2.88 -0.315161  180000 
 2.895 -0.321653  180000 
 2.91 -0.327403  180000 
 2.925 -0.332298  180000 
 2.94 -0.336245  180000 
 2.955 -0.339233  180000 
 2.97 -0.34127  180000 
 2.985 -0.342365  180000 
 3 -0.342526  180000 
 3.015 -0.341766  180000 
 3.03 -0.340117  180000 
 3.045 -0.337615  180000 
 3.06 -0.334296  180000 
 3.075 -0.330198  180000 
 3.09 -0.325367  180000 
 3.105 -0.319896  180000 
 3.12 -0.313891  180000 
 3.135 -0.307456  180000 
 3.15 -0.300695  180000 
 3.16492 -0.29374  180000 
 3.17933 -0.286828  180000 
 3.19275 -0.280224  180000 
 3.20467 -0.27419  180000 
 3.21459 -0.268991  180000 
 3.22224 -0.264732  180000 
 3.22829 -0.260872  180000 
 3.23364 -0.256713  180000 


# Contour 3, label:  1.6e+05
 3.32664  0.76247  160000 
 3.31927  0.77078  160000 
 3.31148  0.778827  160000 
 3.30282  0.786997  160000 
 3.29288  0.795673  160000 
 3.28138  0.80512  160000 
 3.26869  0.815116  160000 
 3.25532  0.82532  160000 
 3.24178  0.835389  160000 
 3.22858  0.844983  160000 
 3.21617  0.853808  160000 
 3.20471  0.861772  160000 
 3.19427  0.86883  160000 
 3.18494  0.874939  160000 
 3.17682  0.880055  160000 
 3.16984  0.88419  160000 
 3.16347  0.887577  160000 
 3.15701  0.890507  160000 
 3.14977  0.89327  160000 
 3.14108  0.896155  160000 
 3.13043  0.899372  160000 
 3.11807  0.902807  160000 
 3.10443  0.906266  160000 
 3.08993  0.909555  160000 
 3.075  0.912481  160000 
 3.06  0.91488  160000 
 3.045  0.916709  160000 
 3.03  0.917956  160000 
 3.015  0.91861  160000 
 3  0.918658  160000 
 2.985  0.91809  160000 
 2.97  0.9169  160000 
 2.955  0.915082  160000 
 2.94  0.912631  160000 
 2.925  0.909543  160000 
 2.91009  0.905864  160000 
 2.89574  0.901849  160000 
 2.88251  0.897806  160000 
 2.87095  0.894042  160000 
 2.86161  0.890862  160000 
 2.85479  0.88843  160000 
 2.84969  0.886323  160000 
 2.84523  0.883978  160000 
 2.84034  0.880828  160000 
 2.83395  0.876307  160000 

 2.89955 -0.391205  160000 
 2.91265 -0.393856  160000 
 2.92651 -0.396187  160000 
 2.94077 -0.398018  160000 
 2.95533 -0.399302  160000 
 2.9701 -0.400024  160000 
 2.98501 -0.400169  160000 
 3 -0.399722  160000 
 3.01494 -0.398693  160000 
 3.0295 -0.397191  160000 
 3.0433 -0.395352  160000 
 3.05597 -0.39331  160000 
 3.06713 -0.391199  160000 
 3.07655 -0.389112  160000 
 3.08462 -0.386973  160000 
 3.09187 -0.384661  160000 
 3.09882 -0.382058  160000 
 3.10602 -0.379045  160000 
 3.11392 -0.375508  160000 
 3.12267 -0.371348  160000 
 3.13232 -0.366472  160000 
 3.14295 -0.360787  160000 
 3.15463 -0.3542  160000 
 3.16737 -0.346655  160000 
 3.18097 -0.338249  160000 
 3.19518 -0.329116  160000 
 3.20977 -0.319391  160000 
 3.22448 -0.309209  160000 
 3.23902 -0.298762  160000 
 3.25291 -0.288476  160000 
 3.26563 -0.278835  160000 
 3.27664 -0.270322  160000 
 3.28543 -0.263422  160000 
 3.29174 -0.258341  160000 
 3.29643 -0.254185  160000 
 3.30061 -0.249781  160000 
 3.30542 -0.243956  160000 
 3.31198 -0.235538  160000 
 3.32106 -0.223772  160000 
 3.33196 -0.20957  160000 
 3.34365 -0.194263  160000 
 3.35507 -0.17918  160000 
 3.36518 -0.16565  160000 
 3.37325 -0.154559  160000 
 3.37977 -0.14502  160000 
 3.38557 -0.135702  160000 
 3.39145 -0.125271  160000 
 3.39823 -0.112398  160000 
 3.40645 -0.0962484  160000 
 3.4156 -0.0779849  160000 
 3.42487 -0.0592678  160000 
 3.43348 -0.0417573  160000 
 3.44064 -0.027114  160000 
 3.44579 -0.0164108  160000 
 3.44936 -0.00837064  160000 
 3.45204 -0.00112899  160000 
 3.4545  0.00717865  160000 
 3.45741  0.0184168  160000 
 3.46127  0.0339794  160000 
 3.46589  0.053378  160000 
 3.47093  0.0756537  160000 
 3.47602  0.0998473  160000 
 3.4808  0.125  160000 
 3.48498  0.150312  160000 
 3.48846  0.175625  160000 
 3.49122  0.200937  160000 
 3.49323  0.22625  160000 
 3.49445  0.251562  160000 
 3.49486  0.276875  160000 
 3.49448  0.302187  160000 
 3.49333  0.3275  160000 
 3.49142  0.352812  160000 
 3.48877  0.378125  160000 
 3.48543  0.403337  160000 
 3.48157  0.427942  160000 
 3.47738  0.451336  160000 
 3.47305  0.472913  160000 
 3.46878  0.492066  160000 
 3.4647  0.508425  160000 
 3.46068  0.52256  160000 
 3.45653  0.535275  160000 
 3.45207  0.547377  160000 
 3.4471  0.559669  160000 
 3.44148  0.572778  160000 
 3.43527  0.586611  160000 
 3.42856  0.600895  160000 
 3.42146  0.61536  160000 
 3.41408  0.629732  160000 
 3.40648  0.643789  160000 
 3.39872  0.6575  160000 
 3.39079  0.670886  160000 
 3.38272  0.683966  160000 
 3.37452  0.696759  160000 
 3.36622  0.709256  160000 
 3.35791  0.721333  160000 
 3.3497  0.732837  160000 
 3.3417  0.743615  160000 
 3.334  0.753514  160000 
 3.32664  0.76247  160000 

 2.83395  0.876307  160000 
 2.82524  0.869981  160000 
 2.81443  0.861941  160000 
 2.80199  0.852409  160000 
 2.78839  0.841606  160000 
 2.77411  0.829756  160000 
 2.75964  0.81716  160000 
 2.74558  0.80445  160000 
 2.73254  0.792336  160000 
 2.72115  0.781531  160000 
 2.71202  0.772745  160000 
 2.70548  0.766323  160000 
 2.7007  0.761134  160000 
 2.69655  0.755682  160000 
 2.69188  0.748469  160000 
 2.68558  0.737999  160000 
 2.67688  0.723339  160000 
 2.66652  0.705821  160000 
 2.65563  0.687342  160000 
 2.64532  0.669802  160000 
 2.63669  0.655095  160000 
 2.63054  0.644484  160000 
 2.62632  0.63668  160000 
 2.62316  0.629755  160000 
 2.62019  0.621785  160000 
 2.61654  0.610844  160000 
 2.61154  0.59549  160000 
 2.60541  0.576217  160000 
 2.59859  0.554007  160000 
 2.5915  0.529837  160000 
 2.58457  0.504687  160000 
 2.57816  0.479409  160000 
 2.57239  0.454331  160000 
 2.5673  0.429657  160000 
 2.56293  0.405587  160000 
 2.55932  0.382324  160000 
 2.55649  0.360102  160000 
 2.55435  0.339296  160000 
 2.55277  0.320314  160000 
 2.55163  0.303562  160000 
 2.5508  0.289451  160000 
 2.55018  0.27822  160000 
 2.54973  0.269453  160000 
 2.54943  0.262564  160000 
 2.54927  0.256969  160000 
 2.54922  0.252084  160000 
 2.54927  0.247307  160000 
 2.54944  0.241971  160000 
 2.54977  0.23539  160000 
 2.55027  0.226882  160000 
 2.55097  0.21576  160000 
 2.55193  0.201536  160000 
 2.55323  0.184497  160000 
 2.55499  0.165126  160000 
 2.55732  0.143907  160000 
 2.56033  0.121323  160000 
 2.56411  0.0978048  160000 
 2.56863  0.0735807  160000 
 2.57384  0.0488272  160000 
 2.57969  0.0237206  160000 
 2.58612 -0.0015625  160000 
 2.59301 -0.026709  160000 
 2.60002 -0.0508592  160000 
 2.60672 -0.0730171  160000 
 2.61269 -0.0921864  160000 
 2.61751 -0.107371  160000 
 2.62099 -0.11807  160000 
 2.6238 -0.125764  160000 
 2.62684 -0.132429  160000 
 2.63102 -0.140042  160000 
 2.63724 -0.150578  160000 
 2.64605 -0.165355  160000 
 2.65661 -0.183062  160000 
 2.66776 -0.201729  160000 
 2.67832 -0.219384  160000 
 2.6871 -0.234059  160000 
 2.69332 -0.244367  160000 
 2.69777 -0.251262  160000 
 2.70165 -0.256282  160000 
 2.70613 -0.260963  160000 
 2.7124 -0.266844  160000 
 2.72135 -0.275092  160000 
 2.73268 -0.285399  160000 
 2.74579 -0.297084  160000 
 2.7601 -0.30947  160000 
 2.775 -0.321876  160000 
 2.78991 -0.333694  160000 
 2.8043 -0.344596  160000 
 2.81763 -0.354321  160000 
 2.82937 -0.362612  160000 
 2.83901 -0.369208  160000 
 2.84625 -0.373978  160000 
 2.85185 -0.377291  160000 
 2.85677 -0.379644  160000 
 2.862 -0.381535  160000 
 2.86852 -0.383458  160000 
 2.8771 -0.385794  160000 
 2.88757 -0.388447  160000 
 2.89955 -0.391205  160000 


# Contour 4, label:  1.4e+05
 3.38108  0.746444  140000 
 3.37658  0.753515  140000 
 3.37268  0.758843  140000 
 3.36821  0.764043  140000 
 3.36198  0.770728  140000 
 3.35314  0.7801  140000 
 3.34208  0.791707  140000 
 3.32955  0.804685  140000 
 3.31628  0.818168  140000 
 3.30299  0.831292  140000 
 3.29033  0.843332  140000 
 3.27854  0.85412  140000 
 3.26778  0.863629  140000 
 3.25821  0.871833  140000 
 3.24998  0.878702  140000 
 3.24311  0.884287  140000 
 3.23699  0.888954  140000 
 3.23086  0.893146  140000 
 3.22399  0.897304  140000 
 3.21562  0.901872  140000 
 3.2052  0.907172  140000 
 3.19297  0.91305  140000 
 3.1794  0.919227  140000 
 3.16492  0.925428  140000 
 3.15  0.931377  140000 
 3.135  0.936842  140000 
 3.12  0.94178  140000 
 3.105  0.946189  140000 
 3.09  0.950072  140000 
 3.075  0.953427  140000 
 3.06  0.956252  140000 
 3.045  0.958529  140000 
 3.03  0.960238  140000 
 3.015  0.961355  140000 
 3  0.96186  140000 
 2.985  0.961735  140000 
 2.97  0.960972  140000 
 2.955  0.959566  140000 
 2.94  0.957514  140000 
 2.925  0.95481  140000 
 2.91  0.951452  140000 
 2.895  0.947449  140000 
 2.88  0.942812  140000 
 2.865  0.937552  140000 
 2.85  0.931679  140000 
 2.83508  0.925258  140000 
 2.82064  0.918572  140000 
 2.80717  0.911957  140000 
 2.79515  0.905749  140000 
 2.78505  0.900284  140000 
 2.77715  0.895742  140000 
 2.77081  0.891678  140000 
 2.76519  0.887488  140000 
 2.75944  0.882571  140000 
 2.75271  0.876323  140000 

 2.97 -0.443766  140000 
 2.985 -0.443445  140000 
 3 -0.442532  140000 
 3.015 -0.441036  140000 
 3.03 -0.43896  140000 
 3.045 -0.436309  140000 
 3.06 -0.433086  140000 
 3.075 -0.429296  140000 
 3.08995 -0.424965  140000 
 3.10462 -0.42022  140000 
 3.11873 -0.415207  140000 
 3.13198 -0.410075  140000 
 3.14411 -0.404971  140000 
 3.1549 -0.400012  140000 
 3.16454 -0.395183  140000 
 3.17325 -0.390434  140000 
 3.1813 -0.385719  140000 
 3.18892 -0.380988  140000 
 3.1964 -0.376154  140000 
 3.20405 -0.370957  140000 
 3.21224 -0.3651  140000 
 3.2213 -0.358283  140000 
 3.23161 -0.350208  140000 
 3.24333 -0.34071  140000 
 3.256 -0.330166  140000 
 3.269 -0.319087  140000 
 3.28168 -0.307984  140000 
 3.2934 -0.297369  140000 
 3.30371 -0.287616  140000 
 3.31279 -0.278555  140000 
 3.32098 -0.269877  140000 
 3.32864 -0.261277  140000 
 3.33611 -0.252446  140000 
 3.3437 -0.243116  140000 
 3.35148 -0.233174  140000 
 3.35948 -0.222548  140000 
 3.36773 -0.211163  140000 
 3.37625 -0.198947  140000 
 3.38502 -0.185892  140000 
 3.39389 -0.172255  140000 
 3.40262 -0.158359  140000 
 3.41102 -0.144525  140000 
 3.41887 -0.131078  140000 
 3.42601 -0.118244  140000 
 3.43255 -0.105876  140000 
 3.43863 -0.093727  140000 
 3.44442 -0.0815544  140000 
 3.45006 -0.0691137  140000 
 3.45571 -0.0561425  140000 
 3.4614 -0.0423063  140000 
 3.46718 -0.0272528  140000 
 3.47308 -0.0106292  140000 
 3.47914  0.00791689  140000 
 3.48536  0.0285869  140000 
 3.49157  0.0509773  140000 
 3.49759  0.0745336  140000 
 3.50321  0.0987012  140000 
 3.50824  0.122925  140000 
 3.51252  0.146625  140000 
 3.51607  0.169114  140000 
 3.51896  0.189676  140000 
 3.52123  0.2076  140000 
 3.52295  0.222171  140000 
 3.52419  0.232953  140000 
 3.52501  0.240628  140000 
 3.5255  0.246152  140000 
 3.52573  0.250485  140000 
 3.52579  0.254586  140000 
 3.52574  0.259315  140000 
 3.52559  0.265147  140000 
 3.52532  0.272462  140000 
 3.52493  0.281635  140000 
 3.52441  0.293047  140000 
 3.52373  0.306964  140000 
 3.52276  0.323219  140000 
 3.52137  0.341533  140000 
 3.51941  0.361627  140000 
 3.51673  0.383223  140000 
 3.51323  0.406047  140000 
 3.5089  0.429851  140000 
 3.50377  0.454389  140000 
 3.49786  0.479416  140000 
 3.4912  0.504688  140000 
 3.4839  0.529831  140000 
 3.47637  0.553964  140000 
 3.46912  0.576073  140000 
 3.46263  0.595148  140000 
 3.45741  0.610176  140000 
 3.45371  0.620651  140000 
 3.45082  0.628082  140000 
 3.4478  0.634482  140000 
 3.44368  0.641864  140000 
 3.43751  0.652243  140000 
 3.4287  0.666963  140000 
 3.41809  0.684696  140000 
 3.40687  0.703447  140000 
 3.39623  0.721219  140000 
 3.38737  0.736016  140000 
 3.38108  0.746444  140000 

 2.75271  0.876323  140000 
 2.74436  0.868298  140000 
 2.73461  0.85867  140000 
 2.72385  0.847769  140000 
 2.71251  0.835925  140000 
 2.701  0.823466  140000 
 2.6897  0.810719  140000 
 2.67885  0.797998  140000 
 2.66869  0.785613  140000 
 2.65943  0.773876  140000 
 2.6513  0.763096  140000 
 2.64439  0.753416  140000 
 2.63838  0.744299  140000 
 2.63281  0.735043  140000 
 2.62723  0.724943  140000 
 2.62118  0.713295  140000 
 2.61433  0.699588  140000 
 2.60685  0.684081  140000 
 2.59901  0.667225  140000 
 2.59111  0.649472  140000 
 2.58341  0.631272  140000 
 2.57616  0.613077  140000 
 2.56948  0.595335  140000 
 2.56342  0.578492  140000 
 2.55806  0.562995  140000 
 2.55347  0.549293  140000 
 2.54965  0.537561  140000 
 2.54641  0.526891  140000 
 2.54352  0.516106  140000 
 2.54071  0.504025  140000 
 2.53775  0.489472  140000 
 2.53446  0.471585  140000 
 2.53096  0.450776  140000 
 2.52745  0.427776  140000 
 2.52414  0.403316  140000 
 2.52122  0.378125  140000 
 2.51886  0.352813  140000 
 2.51707  0.3275  140000 
 2.51584  0.302188  140000 
 2.51514  0.276875  140000 
 2.51497  0.251563  140000 
 2.51531  0.22625  140000 
 2.51616  0.200938  140000 
 2.51755  0.175625  140000 
 2.51949  0.150313  140000 
 2.52199  0.125  140000 
 2.52504  0.099815  140000 
 2.52845  0.0753953  140000 
 2.53202  0.052506  140000 
 2.53553  0.0319123  140000 
 2.53878  0.0143795  140000 
 2.54163  0.000331426  140000 
 2.54428 -0.0111737  140000 
 2.54702 -0.0214191  140000 
 2.55013 -0.0316879  140000 
 2.55389 -0.0432631  140000 
 2.55851 -0.0571204  140000 
 2.56396 -0.0730047  140000 
 2.57013 -0.0903532  140000 
 2.57691 -0.108603  140000 
 2.58419 -0.127192  140000 
 2.59185 -0.145587  140000 
 2.59966 -0.163374  140000 
 2.60738 -0.18017  140000 
 2.61476 -0.195591  140000 
 2.62156 -0.209254  140000 
 2.62764 -0.220951  140000 
 2.63332 -0.231171  140000 
 2.639 -0.24058  140000 
 2.6451 -0.249845  140000 
 2.65204 -0.25963  140000 
 2.66014 -0.270444  140000 
 2.66934 -0.28216  140000 
 2.67946 -0.294496  140000 
 2.69036 -0.307168  140000 
 2.70186 -0.319892  140000 
 2.71375 -0.332371  140000 
 2.72557 -0.344246  140000 
 2.7368 -0.355144  140000 
 2.74691 -0.364692  140000 
 2.7554 -0.372518  140000 
 2.76199 -0.378419  140000 
 2.76736 -0.382881  140000 
 2.77248 -0.386561  140000 
 2.77829 -0.390114  140000 
 2.78573 -0.394199  140000 
 2.79549 -0.399294  140000 
 2.80732 -0.405172  140000 
 2.82069 -0.411427  140000 
 2.83509 -0.417655  140000 
 2.85 -0.423451  140000 
 2.865 -0.428484  140000 
 2.88 -0.432723  140000 
 2.895 -0.436212  140000 
 2.91 -0.438995  140000 
 2.925 -0.441114  140000 
 2.94 -0.442608  140000 
 2.955 -0.44349  140000 
 2.97 -0.443766  140000 


# Contour 5, label:  1.2e+05
 3.35637  0.820058  120000 
 3.34419  0.833494  120000 
 3.33208  0.846584  120000 
 3.32099  0.85843  120000 
 3.31181  0.86813  120000 
 3.30512  0.8751  120000 
 3.30017  0.880027  120000 
 3.29586  0.883913  120000 
 3.29107  0.887762  120000 
 3.28472  0.892575  120000 
 3.27597  0.899101  120000 
 3.26506  0.907065  120000 
 3.25247  0.915934  120000 
 3.23872  0.925179  120000 
 3.22431  0.934268  120000 
 3.20964  0.942767  120000 
 3.19485  0.950621  120000 
 3.17996  0.957874  120000 
 3.16499  0.964567  120000 
 3.15  0.970742  120000 
 3.135  0.976435  120000 
 3.12  0.981648  120000 
 3.105  0.986378  120000 
 3.09  0.990621  120000 
 3.075  0.994373  120000 
 3.06  0.997625  120000 
 3.045  1.00035  120000 
 3.03  1.00252  120000 
 3.015  1.0041  120000 
 3  1.00506  120000 
 2.985  1.00538  120000 
 2.97  1.00504  120000 
 2.955  1.00405  120000 
 2.94  1.0024  120000 
 2.925  1.00008  120000 
 2.91  0.997091  120000 
 2.895  0.993457  120000 
 2.88  0.989195  120000 
 2.865  0.984325  120000 
 2.85  0.978869  120000 
 2.835  0.972833  120000 
 2.82  0.966168  120000 
 2.805  0.958809  120000 
 2.79  0.950694  120000 
 2.775  0.941759  120000 
 2.7601  0.932054  120000 
 2.74577  0.922079  120000 
 2.73259  0.912449  120000 
 2.72113  0.903777  120000 
 2.71197  0.896679  120000 
 2.70541  0.891483  120000 
 2.70059  0.887372  120000 
 2.6964  0.883244  120000 
 2.6917  0.877999  120000 
 2.68539  0.870533  120000 

 3.045 -0.477826  120000 
 3.06 -0.47419  120000 
 3.075 -0.469985  120000 
 3.09 -0.46521  120000 
 3.105 -0.459872  120000 
 3.12 -0.453978  120000 
 3.135 -0.447534  120000 
 3.15 -0.44055  120000 
 3.16493 -0.43308  120000 
 3.17943 -0.425378  120000 
 3.19307 -0.417745  120000 
 3.20543 -0.410483  120000 
 3.21608 -0.403893  120000 
 3.22477 -0.398157  120000 
 3.23201 -0.39297  120000 
 3.23847 -0.387906  120000 
 3.24484 -0.38254  120000 
 3.25182 -0.376448  120000 
 3.25994 -0.369269  120000 
 3.26924 -0.360915  120000 
 3.27963 -0.35136  120000 
 3.29098 -0.340583  120000 
 3.30321 -0.328558  120000 
 3.31611 -0.31541  120000 
 3.32906 -0.301856  120000 
 3.34134 -0.28876  120000 
 3.35224 -0.276987  120000 
 3.36103 -0.2674  120000 
 3.36731 -0.260464  120000 
 3.37191 -0.255042  120000 
 3.37599 -0.249598  120000 
 3.38068 -0.242593  120000 
 3.38713 -0.232492  120000 
 3.39612 -0.21832  120000 
 3.40685 -0.201352  120000 
 3.41817 -0.183423  120000 
 3.42893 -0.166372  120000 
 3.43795 -0.152035  120000 
 3.44443 -0.14163  120000 
 3.44899 -0.133892  120000 
 3.45258 -0.126939  120000 
 3.45619 -0.118888  120000 
 3.46078 -0.107856  120000 
 3.46704 -0.0924999  120000 
 3.47461 -0.0736437  120000 
 3.48287 -0.0526515  120000 
 3.49118 -0.0308877  120000 
 3.49891 -0.00971643  120000 
 3.50557  0.00975218  120000 
 3.51119  0.0274255  120000 
 3.51593  0.0434652  120000 
 3.51998  0.058033  120000 
 3.5235  0.0712905  120000 
 3.52664  0.0835143  120000 
 3.52949  0.0954402  120000 
 3.53213  0.107919  120000 
 3.5346  0.121802  120000 
 3.537  0.13794  120000 
 3.53936  0.156938  120000 
 3.54157  0.17842  120000 
 3.54351  0.201766  120000 
 3.54505  0.226354  120000 
 3.54607  0.251562  120000 
 3.54646  0.276848  120000 
 3.5462  0.301968  120000 
 3.54532  0.326758  120000 
 3.54383  0.351054  120000 
 3.54174  0.374691  120000 
 3.53911  0.397445  120000 
 3.53613  0.418857  120000 
 3.53305  0.438408  120000 
 3.53008  0.455581  120000 
 3.52748  0.469858  120000 
 3.52536  0.481063  120000 
 3.52339  0.490383  120000 
 3.52115  0.49935  120000 
 3.51819  0.509495  120000 
 3.51407  0.522347  120000 
 3.50852  0.538945  120000 
 3.50183  0.558349  120000 
 3.49447  0.579129  120000 
 3.48689  0.599855  120000 
 3.47955  0.619094  120000 
 3.47278  0.635776  120000 
 3.46643  0.65028  120000 
 3.46023  0.663342  120000 
 3.4539  0.6757  120000 
 3.44717  0.688093  120000 
 3.43985  0.70107  120000 
 3.43208  0.714429  120000 
 3.4241  0.727776  120000 
 3.41614  0.740721  120000 
 3.40843  0.752872  120000 
 3.4011  0.763991  120000 
 3.39381  0.774453  120000 
 3.38612  0.784786  120000 
 3.37757  0.795518  120000 
 3.36773  0.807179  120000 
 3.35637  0.820058  120000 

 2.68539  0.870533  120000 
 2.67667  0.8601  120000 
 2.66612  0.847377  120000 
 2.65465  0.833396  120000 
 2.64318  0.819188  120000 
 2.63262  0.805785  120000 
 2.62365  0.793902  120000 
 2.61596  0.782982  120000 
 2.609  0.77215  120000 
 2.60223  0.760534  120000 
 2.59509  0.747259  120000 
 2.58722  0.731789  120000 
 2.57893  0.714938  120000 
 2.57072  0.697859  120000 
 2.56308  0.681704  120000 
 2.55652  0.667625  120000 
 2.55135  0.656338  120000 
 2.54721  0.646804  120000 
 2.54357  0.637549  120000 
 2.5399  0.627098  120000 
 2.53567  0.613977  120000 
 2.53049  0.597094  120000 
 2.52457  0.576894  120000 
 2.51826  0.554207  120000 
 2.51192  0.529862  120000 
 2.5059  0.504687  120000 
 2.50049  0.479375  120000 
 2.49573  0.454062  120000 
 2.49161  0.42875  120000 
 2.48811  0.403438  120000 
 2.4852  0.378125  120000 
 2.48287  0.352813  120000 
 2.4811  0.3275  120000 
 2.47987  0.302188  120000 
 2.47918  0.276875  120000 
 2.47901  0.251563  120000 
 2.47934  0.22625  120000 
 2.48019  0.200938  120000 
 2.48156  0.175625  120000 
 2.48347  0.150313  120000 
 2.48594  0.125  120000 
 2.48897  0.0996875  120000 
 2.49258  0.074375  120000 
 2.4968  0.0490625  120000 
 2.50163  0.02375  120000 
 2.50709 -0.0015625  120000 
 2.51314 -0.0267336  120000 
 2.51949 -0.0510564  120000 
 2.52577 -0.0736826  120000 
 2.53163 -0.0937639  120000 
 2.5367 -0.110452  120000 
 2.54078 -0.123295  120000 
 2.54428 -0.133429  120000 
 2.54774 -0.142387  120000 
 2.55172 -0.1517  120000 
 2.55678 -0.162901  120000 
 2.56328 -0.177067  120000 
 2.57089 -0.193449  120000 
 2.57911 -0.210842  120000 
 2.58742 -0.228042  120000 
 2.5953 -0.243844  120000 
 2.60242 -0.257391  120000 
 2.60915 -0.269212  120000 
 2.61604 -0.280186  120000 
 2.62363 -0.291189  120000 
 2.63246 -0.3031  120000 
 2.64285 -0.316481  120000 
 2.65413 -0.330641  120000 
 2.66544 -0.344575  120000 
 2.67587 -0.357277  120000 
 2.68455 -0.367744  120000 
 2.69091 -0.375312  120000 
 2.69571 -0.380698  120000 
 2.70006 -0.38496  120000 
 2.70505 -0.389156  120000 
 2.71176 -0.394344  120000 
 2.72102 -0.40131  120000 
 2.73254 -0.409738  120000 
 2.74575 -0.41904  120000 
 2.76009 -0.428626  120000 
 2.775 -0.437908  120000 
 2.79 -0.446398  120000 
 2.805 -0.454016  120000 
 2.82 -0.460784  120000 
 2.835 -0.466723  120000 
 2.85 -0.471855  120000 
 2.865 -0.476204  120000 
 2.88 -0.479803  120000 
 2.895 -0.482688  120000 
 2.91 -0.484894  120000 
 2.925 -0.486458  120000 
 2.94 -0.487411  120000 
 2.955 -0.487767  120000 
 2.97 -0.487534  120000 
 2.985 -0.486723  120000 
 3 -0.485343  120000 
 3.015 -0.4834  120000 
 3.03 -0.480895  120000 
 3.045 -0.477826  120000 


# Contour 6, label:    1e+05
 3.56922  0.276875  100000 
 3.56896  0.302188  100000 
 3.56808  0.3275  100000 
 3.56654  0.352813  100000 
 3.56436  0.378125  100000 
 3.56154  0.403354  100000 
 3.55819  0.428083  100000 
 3.55443  0.45181  100000 
 3.5504  0.474036  100000 
 3.54622  0.494259  100000 
 3.54199  0.512144  100000 
 3.53775  0.528016  100000 
 3.5335  0.542364  100000 
 3.52922  0.555676  100000 
 3.52492  0.568442  100000 
 3.52056  0.581131  100000 
 3.51594  0.594131  100000 
 3.5108  0.60781  100000 
 3.5049  0.622536  100000 
 3.49798  0.638676  100000 
 3.48995  0.656361  100000 
 3.48125  0.67477  100000 
 3.47245  0.692845  100000 
 3.46415  0.709529  100000 
 3.45693  0.723763  100000 
 3.45116  0.734873  100000 
 3.4463  0.74372  100000 
 3.44161  0.75155  100000 
 3.43634  0.759609  100000 
 3.42975  0.769141  100000 
 3.42132  0.78103  100000 
 3.41145  0.794708  100000 
 3.40076  0.809245  100000 
 3.38987  0.823711  100000 
 3.37943  0.837178  100000 
 3.3699  0.848934  100000 
 3.36121  0.859147  100000 
 3.35314  0.868204  100000 
 3.34546  0.876494  100000 
 3.33795  0.884404  100000 
 3.33037  0.892273  100000 
 3.32246  0.90025  100000 
 3.31393  0.908439  100000 
 3.30449  0.916939  100000 
 3.29386  0.925855  100000 
 3.28186  0.935229  100000 
 3.26869  0.944878  100000 
 3.25468  0.954562  100000 
 3.24011  0.964038  100000 
 3.22532  0.973066  100000 
 3.21064  0.981422  100000 
 3.19659  0.988956  100000 
 3.18373  0.995534  100000 
 3.17261  1.00102  100000 
 3.16378  1.00529  100000 
 3.15751  1.0083  100000 
 3.15293  1.01044  100000 
 3.14889  1.01218  100000 
 3.14424  1.014  100000 
 3.13782  1.01638  100000 
 3.12876  1.01967  100000 
 3.11737  1.02366  100000 
 3.10422  1.02803  100000 
 3.0899  1.03244  100000 
 3.075  1.03658  100000 
 3.06  1.04016  100000 
 3.045  1.04313  100000 
 3.03  1.0455  100000 
 3.015  1.04727  100000 
 3  1.04845  100000 
 2.985  1.04905  100000 
 2.97  1.04906  100000 
 2.955  1.04847  100000 
 2.94  1.04726  100000 
 2.925  1.04544  100000 
 2.91005  1.043  100000 
 2.89537  1.04007  100000 
 2.88125  1.03676  100000 
 2.86797  1.03319  100000 
 2.8558  1.0295  100000 
 2.84494  1.02579  100000 
 2.83523  1.0221  100000 
 2.82645  1.01846  100000 
 2.81835  1.01488  100000 
 2.8107  1.01139  100000 

 2.67612 -0.419515  100000 
 2.68873 -0.431093  100000 
 2.70214 -0.442582  100000 
 2.71604 -0.453534  100000 
 2.73002 -0.463729  100000 
 2.74365 -0.473005  100000 
 2.7565 -0.4812  100000 
 2.76813 -0.488151  100000 
 2.77825 -0.493775  100000 
 2.7871 -0.498299  100000 
 2.79509 -0.502031  100000 
 2.8026 -0.505278  100000 
 2.81001 -0.508346  100000 
 2.8177 -0.511478  100000 
 2.82589 -0.514666  100000 
 2.8348 -0.517838  100000 
 2.84465 -0.520921  100000 
 2.85563 -0.523844  100000 
 2.86788 -0.526534  100000 
 2.88122 -0.528919  100000 
 2.89536 -0.530927  100000 
 2.91005 -0.532486  100000 
 2.925 -0.533524  100000 
 2.94 -0.533981  100000 
 2.955 -0.533847  100000 
 2.97 -0.53312  100000 
 2.985 -0.531803  100000 
 3 -0.529895  100000 
 3.01492 -0.527434  100000 
 3.02933 -0.524598  100000 
 3.04273 -0.521605  100000 
 3.05461 -0.518669  100000 
 3.06448 -0.516006  100000 
 3.07206 -0.513753  100000 
 3.07803 -0.511729  100000 
 3.0833 -0.509673  100000 
 3.0888 -0.507324  100000 
 3.09542 -0.504422  100000 
 3.1039 -0.500757  100000 
 3.1141 -0.496319  100000 
 3.12573 -0.491148  100000 
 3.13846 -0.485286  100000 
 3.15198 -0.478772  100000 
 3.166 -0.471638  100000 
 3.18035 -0.463884  100000 
 3.19485 -0.455499  100000 
 3.20937 -0.446473  100000 
 3.22373 -0.436795  100000 
 3.23774 -0.426549  100000 
 3.25104 -0.416185  100000 
 3.26319 -0.40625  100000 
 3.27379 -0.397287  100000 
 3.28242 -0.389841  100000 
 3.28889 -0.384204  100000 
 3.29399 -0.379648  100000 
 3.29874 -0.375196  100000 
 3.30414 -0.369866  100000 
 3.31123 -0.36268  100000 
 3.32069 -0.352963  100000 
 3.33195 -0.34126  100000 
 3.34411 -0.328424  100000 
 3.35627 -0.315306  100000 
 3.36755 -0.302757  100000 
 3.37726 -0.291401  100000 
 3.38566 -0.280952  100000 
 3.39322 -0.270899  100000 
 3.4004 -0.260728  100000 
 3.40769 -0.249927  100000 
 3.41544 -0.238127  100000 
 3.42354 -0.225533  100000 
 3.43175 -0.21249  100000 
 3.43984 -0.199347  100000 
 3.44759 -0.186452  100000 
 3.45483 -0.173995  100000 
 3.46172 -0.161549  100000 
 3.4685 -0.148528  100000 
 3.4754 -0.134347  100000 
 3.48265 -0.118423  100000 
 3.49037 -0.100481  100000 
 3.49823 -0.0814884  100000 
 3.50581 -0.0627238  100000 
 3.51266 -0.0454652  100000 
 3.51835 -0.0309908  100000 
 3.5226 -0.0200783  100000 
 3.52579 -0.0115031  100000 
 3.52842 -0.00354036  100000 
 3.53103  0.00553489  100000 
 3.53414  0.0174476  100000 
 3.53812  0.0334832  100000 
 3.54277  0.0531687  100000 
 3.54772  0.0755916  100000 
 3.55262  0.0998396  100000 
 3.5571  0.125  100000 
 3.56087  0.150313  100000 
 3.5639  0.175625  100000 
 3.56622  0.200938  100000 
 3.56786  0.22625  100000 
 3.56885  0.251563  100000 
 3.56922  0.276875  100000 

 2.8107  1.01139  100000 
 2.80325  1.00795  100000 
 2.79565  1.00433  100000 
 2.78753  1.0002  100000 
 2.77854  0.995279  100000 
 2.7683  0.989259  100000 
 2.75659  0.981922  100000 
 2.74372  0.973393  100000 
 2.73013  0.963879  100000 
 2.71628  0.953589  100000 
 2.70261  0.942732  100000 
 2.68952  0.931547  100000 
 2.67728  0.920403  100000 
 2.66612  0.9097  100000 
 2.65626  0.89984  100000 
 2.64792  0.891223  100000 
 2.64117  0.884009  100000 
 2.63538  0.877398  100000 
 2.62977  0.870348  100000 
 2.62356  0.861819  100000 
 2.61597  0.85077  100000 
 2.6065  0.836581  100000 
 2.59581  0.820317  100000 
 2.58486  0.803466  100000 
 2.57459  0.787514  100000 
 2.56595  0.773948  100000 
 2.5596  0.763739  100000 
 2.55496  0.75579  100000 
 2.55117  0.748491  100000 
 2.54736  0.740231  100000 
 2.54265  0.729399  100000 
 2.53642  0.714819  100000 
 2.52896  0.697065  100000 
 2.52082  0.677148  100000 
 2.51254  0.656079  100000 
 2.50466  0.634867  100000 
 2.49762  0.614407  100000 
 2.49147  0.595131  100000 
 2.48615  0.577355  100000 
 2.48161  0.561395  100000 
 2.47779  0.547568  100000 
 2.47462  0.535929  100000 
 2.4719  0.525497  100000 
 2.46941  0.515032  100000 
 2.46694  0.503294  100000 
 2.46427  0.48904  100000 
 2.46125  0.471364  100000 
 2.45801  0.450683  100000 
 2.45474  0.427749  100000 
 2.45165  0.403312  100000 
 2.44892  0.378125  100000 
 2.44673  0.352813  100000 
 2.44507  0.3275  100000 
 2.44395  0.302188  100000 
 2.44331  0.276875  100000 
 2.44316  0.251563  100000 
 2.44347  0.22625  100000 
 2.44425  0.200938  100000 
 2.44553  0.175625  100000 
 2.44733  0.150313  100000 
 2.44966  0.125  100000 
 2.45251  0.0998189  100000 
 2.45571  0.0754263  100000 
 2.45905  0.0526107  100000 
 2.46231  0.0321604  100000 
 2.46529  0.0148641  100000 
 2.46785  0.00115331  100000 
 2.47017 -0.00996805  100000 
 2.4725 -0.0198529  100000 
 2.4751 -0.0298541  100000 
 2.47821 -0.0413247  100000 
 2.48205 -0.0553207  100000 
 2.48667 -0.0717105  100000 
 2.4921 -0.0900656  100000 
 2.49834 -0.109957  100000 
 2.50542 -0.130958  100000 
 2.51326 -0.152547  100000 
 2.52144 -0.173844  100000 
 2.52943 -0.193876  100000 
 2.53673 -0.211671  100000 
 2.54283 -0.226256  100000 
 2.54744 -0.237094  100000 
 2.55119 -0.245386  100000 
 2.55494 -0.25277  100000 
 2.55956 -0.26088  100000 
 2.5659 -0.271353  100000 
 2.57454 -0.285294  100000 
 2.58479 -0.30167  100000 
 2.59568 -0.318919  100000 
 2.60624 -0.335478  100000 
 2.61549 -0.349782  100000 
 2.62276 -0.360721  100000 
 2.6286 -0.368992  100000 
 2.63387 -0.375745  100000 
 2.6394 -0.382128  100000 
 2.64605 -0.389291  100000 
 2.65449 -0.398109  100000 
 2.66461 -0.408352  100000 
 2.67612 -0.419515  100000 


# Contour 7, label:    8e+04
 3.58514  0.403438  80000 
 3.58197  0.42875  80000 
 3.57811  0.454063  80000 
 3.57348  0.479375  80000 
 3.56803  0.504688  80000 
 3.56178  0.529849  80000 
 3.55509  0.554106  80000 
 3.54842  0.576552  80000 
 3.54222  0.596284  80000 
 3.53694  0.612395  80000 
 3.53285  0.624415  80000 
 3.52948  0.633613  80000 
 3.52618  0.641691  80000 
 3.52231  0.650352  80000 
 3.51722  0.661298  80000 
 3.51048  0.675714  80000 
 3.50249  0.692713  80000 
 3.49387  0.710891  80000 
 3.48525  0.728841  80000 
 3.47723  0.74516  80000 
 3.47025  0.758847  80000 
 3.46386  0.770522  80000 
 3.45745  0.781209  80000 
 3.45039  0.791932  80000 
 3.44204  0.803716  80000 
 3.43204  0.817235  80000 
 3.42102  0.83176  80000 
 3.4099  0.846212  80000 
 3.39957  0.859512  80000 
 3.39092  0.87058  80000 
 3.38454  0.878719  80000 
 3.37967  0.884761  80000 
 3.37523  0.889919  80000 
 3.37015  0.895407  80000 
 3.36336  0.902438  80000 
 3.35405  0.911891  80000 
 3.34255  0.923301  80000 
 3.32949  0.935869  80000 
 3.31546  0.948795  80000 
 3.30108  0.961281  80000 
 3.28693  0.972649  80000 
 3.27348  0.982713  80000 
 3.26118  0.99141  80000 
 3.25048  0.998676  80000 
 3.24181  1.00445  80000 
 3.23538  1.00878  80000 
 3.23038  1.01216  80000 
 3.22578  1.0152  80000 
 3.22053  1.01851  80000 
 3.21358  1.0227  80000 
 3.20415  1.02821  80000 
 3.19253  1.03475  80000 
 3.17927  1.04188  80000 
 3.16491  1.04915  80000 
 3.15  1.05609  80000 
 3.135  1.06235  80000 
 3.12  1.0679  80000 
 3.105  1.07279  80000 
 3.09  1.07707  80000 
 3.075  1.08079  80000 
 3.06  1.08401  80000 
 3.045  1.08674  80000 
 3.03  1.08898  80000 
 3.015  1.09073  80000 
 3  1.09201  80000 
 2.985  1.0928  80000 
 2.97  1.09312  80000 
 2.955  1.09295  80000 
 2.94  1.09229  80000 
 2.925  1.09113  80000 
 2.91  1.08946  80000 
 2.895  1.08727  80000 
 2.88  1.08452  80000 
 2.865  1.0812  80000 
 2.85  1.07728  80000 
 2.83502  1.07275  80000 
 2.82017  1.06763  80000 
 2.80556  1.06195  80000 
 2.79132  1.05576  80000 
 2.77758  1.0491  80000 
 2.76448  1.04204  80000 
 2.75222  1.03486  80000 
 2.74104  1.0279  80000 
 2.73117  1.02148  80000 
 2.72283  1.01593  80000 

 2.70489 -0.507274  80000 
 2.7098 -0.510621  80000 
 2.7162 -0.514822  80000 
 2.7249 -0.520484  80000 
 2.73569 -0.527321  80000 
 2.7481 -0.534827  80000 
 2.76167 -0.542496  80000 
 2.77593 -0.549821  80000 
 2.79047 -0.556384  80000 
 2.8052 -0.562125  80000 
 2.82006 -0.567073  80000 
 2.83501 -0.571255  80000 
 2.85 -0.5747  80000 
 2.865 -0.577439  80000 
 2.88 -0.579515  80000 
 2.895 -0.580974  80000 
 2.91 -0.581861  80000 
 2.925 -0.582222  80000 
 2.94 -0.582094  80000 
 2.955 -0.581488  80000 
 2.97 -0.580404  80000 
 2.985 -0.578844  80000 
 3 -0.576809  80000 
 3.015 -0.574291  80000 
 3.03 -0.571237  80000 
 3.045 -0.567586  80000 
 3.06 -0.563275  80000 
 3.075 -0.558242  80000 
 3.08993 -0.552489  80000 
 3.10444 -0.546269  80000 
 3.11812 -0.539899  80000 
 3.13054 -0.533696  80000 
 3.14129 -0.527978  80000 
 3.15013 -0.522967  80000 
 3.15753 -0.518504  80000 
 3.16414 -0.514334  80000 
 3.17064 -0.510204  80000 
 3.17765 -0.505859  80000 
 3.18574 -0.501066  80000 
 3.19494 -0.495674  80000 
 3.20523 -0.489553  80000 
 3.21653 -0.482571  80000 
 3.22879 -0.474599  80000 
 3.24189 -0.465585  80000 
 3.25541 -0.455796  80000 
 3.26885 -0.445576  80000 
 3.28174 -0.43527  80000 
 3.29357 -0.425224  80000 
 3.30399 -0.415706  80000 
 3.31319 -0.406687  80000 
 3.3215 -0.39806  80000 
 3.32925 -0.389718  80000 
 3.33676 -0.381555  80000 
 3.34433 -0.373419  80000 
 3.35217 -0.364962  80000 
 3.36044 -0.355792  80000 
 3.36932 -0.345516  80000 
 3.37898 -0.333741  80000 
 3.38946 -0.320291  80000 
 3.40032 -0.305864  80000 
 3.41094 -0.291375  80000 
 3.42075 -0.277741  80000 
 3.42915 -0.265876  80000 
 3.43578 -0.256338  80000 
 3.44117 -0.248252  80000 
 3.44609 -0.240387  80000 
 3.45129 -0.231509  80000 
 3.45754 -0.220386  80000 
 3.46536 -0.206191  80000 
 3.47431 -0.189716  80000 
 3.48369 -0.172161  80000 
 3.49282 -0.154724  80000 
 3.50102 -0.138603  80000 
 3.50778 -0.124661  80000 
 3.51336 -0.112421  80000 
 3.51822 -0.101068  80000 
 3.52278 -0.0897908  80000 
 3.5275 -0.0777749  80000 
 3.53272 -0.064336  80000 
 3.53838 -0.0493046  80000 
 3.5443 -0.03264  80000 
 3.55032 -0.0143015  80000 
 3.55627  0.0057516  80000 
 3.562  0.0274948  80000 
 3.56741  0.0506423  80000 
 3.57243  0.0748431  80000 
 3.57696  0.099746  80000 
 3.58095  0.125  80000 
 3.58431  0.150313  80000 
 3.58705  0.175625  80000 
 3.58917  0.200938  80000 
 3.59069  0.22625  80000 
 3.59163  0.251563  80000 
 3.59199  0.276875  80000 
 3.59177  0.302188  80000 
 3.59098  0.3275  80000 
 3.58961  0.352813  80000 
 3.58767  0.378125  80000 
 3.58514  0.403438  80000 

 2.72283  1.01593  80000 
 2.71607  1.01141  80000 
 2.71024  1.00742  80000 
 2.70452  1.00327  80000 
 2.69808  0.998297  80000 
 2.69008  0.991819  80000 
 2.67997  0.983366  80000 
 2.66822  0.973269  80000 
 2.65558  0.962066  80000 
 2.64279  0.95029  80000 
 2.63061  0.938478  80000 
 2.61961  0.927061  80000 
 2.60975  0.916054  80000 
 2.60083  0.905369  80000 
 2.59262  0.894917  80000 
 2.58494  0.884609  80000 
 2.57757  0.874338  80000 
 2.57037  0.863908  80000 
 2.56323  0.853107  80000 
 2.55599  0.841721  80000 
 2.54853  0.829536  80000 
 2.54076  0.816397  80000 
 2.5328  0.802387  80000 
 2.52478  0.787649  80000 
 2.51685  0.772324  80000 
 2.50918  0.756556  80000 
 2.50189  0.740526  80000 
 2.49504  0.724577  80000 
 2.48869  0.709095  80000 
 2.48288  0.694462  80000 
 2.47766  0.681061  80000 
 2.47302  0.669048  80000 
 2.46877  0.65766  80000 
 2.46466  0.645906  80000 
 2.46044  0.632795  80000 
 2.45585  0.617336  80000 
 2.45072  0.598813  80000 
 2.44524  0.577619  80000 
 2.43963  0.554422  80000 
 2.43416  0.529889  80000 
 2.42907  0.504688  80000 
 2.42456  0.479375  80000 
 2.42065  0.454063  80000 
 2.41731  0.42875  80000 
 2.4145  0.403438  80000 
 2.41218  0.378125  80000 
 2.41033  0.352813  80000 
 2.40893  0.3275  80000 
 2.40797  0.302188  80000 
 2.40743  0.276875  80000 
 2.4073  0.251563  80000 
 2.40758  0.22625  80000 
 2.40827  0.200938  80000 
 2.40938  0.175625  80000 
 2.41092  0.150313  80000 
 2.4129  0.125  80000 
 2.41535  0.0996875  80000 
 2.41827  0.074375  80000 
 2.42172  0.0490625  80000 
 2.42572  0.02375  80000 
 2.43029 -0.0015625  80000 
 2.43543 -0.0267607  80000 
 2.44092 -0.0512729  80000 
 2.44651 -0.0744131  80000 
 2.45194 -0.0954955  80000 
 2.45696 -0.113834  80000 
 2.46139 -0.129031  80000 
 2.46543 -0.141844  80000 
 2.46934 -0.153318  80000 
 2.47339 -0.164498  80000 
 2.47786 -0.176429  80000 
 2.48297 -0.189916  80000 
 2.4887 -0.20479  80000 
 2.49501 -0.22064  80000 
 2.50183 -0.237058  80000 
 2.50912 -0.253633  80000 
 2.51679 -0.269989  80000 
 2.52469 -0.285884  80000 
 2.53264 -0.301111  80000 
 2.54045 -0.315462  80000 
 2.54794 -0.328729  80000 
 2.55501 -0.340797  80000 
 2.5618 -0.35192  80000 
 2.56852 -0.362444  80000 
 2.5754 -0.372714  80000 
 2.58264 -0.383078  80000 
 2.59046 -0.393816  80000 
 2.59898 -0.40496  80000 
 2.60833 -0.416478  80000 
 2.61864 -0.428335  80000 
 2.63004 -0.440499  80000 
 2.64249 -0.452852  80000 
 2.65535 -0.464933  80000 
 2.66782 -0.476195  80000 
 2.67911 -0.486091  80000 
 2.68843 -0.494075  80000 
 2.69527 -0.499829  80000 
 2.7004 -0.503953  80000 
 2.70489 -0.507274  80000 


# Contour 8, label:    6e+04
 3.01932  1.13412  60000 
 3.00844  1.13541  60000 
 2.99941  1.13631  60000 
 2.99179  1.13691  60000 
 2.98497  1.13728  60000 
 2.97832  1.13753  60000 
 2.97125  1.13774  60000 
 2.96331  1.13799  60000 
 2.95487  1.13826  60000 
 2.94646  1.1385  60000 
 2.93864  1.13868  60000 
 2.93193  1.13875  60000 
 2.92666  1.13867  60000 
 2.92227  1.13843  60000 
 2.91797  1.13802  60000 
 2.91296  1.13741  60000 
 2.90647  1.13661  60000 

 3.52558 -0.159166  60000 
 3.53065 -0.148764  60000 
 3.5354 -0.138338  60000 
 3.54029 -0.126641  60000 
 3.54579 -0.112425  60000 
 3.55222 -0.0948322  60000 
 3.55929 -0.0745741  60000 
 3.56657 -0.0527532  60000 
 3.5736 -0.0304721  60000 
 3.57996 -0.00883343  60000 
 3.58531  0.0112498  60000 
 3.58974  0.0296224  60000 
 3.59346  0.0463191  60000 
 3.59668  0.0613743  60000 
 3.59959  0.0748225  60000 
 3.60238  0.0868556  60000 
 3.60509  0.0982941  60000 
 3.60775  0.110116  60000 
 3.61038  0.1233  60000 
 3.613  0.138823  60000 
 3.61561  0.15739  60000 
 3.61809  0.178611  60000 
 3.6203  0.201822  60000 
 3.6221  0.226361  60000 
 3.62335  0.251563  60000 
 3.62392  0.276847  60000 
 3.6238  0.301964  60000 
 3.62297  0.326745  60000 
 3.62143  0.351024  60000 
 3.61916  0.374631  60000 
 3.61623  0.397343  60000 
 3.61286  0.418707  60000 
 3.60938  0.438214  60000 
 3.60606  0.455355  60000 
 3.60322  0.469619  60000 
 3.60104  0.480836  60000 
 3.59925  0.490189  60000 
 3.59746  0.499201  60000 
 3.5953  0.509393  60000 
 3.59238  0.522287  60000 
 3.5884  0.538959  60000 
 3.58343  0.558699  60000 
 3.57764  0.580351  60000 
 3.57116  0.602759  60000 
 3.56416  0.624767  60000 
 3.5568  0.645399  60000 
 3.54933  0.664395  60000 
 3.54199  0.681678  60000 
 3.53505  0.697168  60000 
 3.52875  0.710787  60000 
 3.52323  0.722608  60000 
 3.51812  0.733324  60000 
 3.51294  0.743777  60000 
 3.50718  0.754811  60000 
 3.50037  0.767273  60000 
 3.4922  0.781701  60000 
 3.48305  0.797428  60000 
 3.47349  0.813482  60000 
 3.4641  0.828889  60000 
 3.45544  0.842678  60000 
 3.44792  0.854172  60000 
 3.44122  0.863866  60000 
 3.43489  0.872554  60000 
 3.42844  0.881028  60000 
 3.42139  0.890078  60000 
 3.41336  0.900312  60000 
 3.40428  0.911598  60000 
 3.39418  0.923618  60000 
 3.38307  0.936055  60000 
 3.37097  0.948593  60000 
 3.35803  0.960896  60000 
 3.3449  0.972563  60000 
 3.33235  0.983172  60000 
 3.32114  0.992303  60000 
 3.31205  0.999536  60000 
 3.30554  1.00468  60000 
 3.30079  1.00845  60000 
 3.29665  1.0118  60000 
 3.29201  1.01567  60000 
 3.28571  1.02101  60000 
 3.27691  1.02849  60000 
 3.26585  1.03767  60000 
 3.25309  1.04785  60000 
 3.23914  1.0583  60000 
 3.22455  1.06831  60000 
 3.20977  1.07732  60000 
 3.1949  1.0853  60000 
 3.17997  1.09238  60000 
 3.165  1.09867  60000 
 3.15  1.10431  60000 
 3.135  1.1094  60000 
 3.12  1.11398  60000 
 3.105  1.11809  60000 
 3.09  1.12175  60000 
 3.075  1.12501  60000 
 3.06007  1.12787  60000 
 3.04554  1.13035  60000 
 3.03182  1.13243  60000 
 3.01932  1.13412  60000 

 2.46711 -0.282098  60000 
 2.47252 -0.293657  60000 
 2.47843 -0.305737  60000 
 2.48507 -0.319037  60000 
 2.49231 -0.333261  60000 
 2.4999 -0.347869  60000 
 2.50763 -0.362316  60000 
 2.51526 -0.37606  60000 
 2.52265 -0.388725  60000 
 2.53004 -0.400598  60000 
 2.53778 -0.412133  60000 
 2.5462 -0.423783  60000 
 2.55563 -0.436004  60000 
 2.56623 -0.449048  60000 
 2.57744 -0.462377  60000 
 2.58852 -0.475249  60000 
 2.59871 -0.486925  60000 
 2.60727 -0.496667  60000 
 2.61375 -0.504017  60000 
 2.61887 -0.509659  60000 
 2.62365 -0.514558  60000 
 2.62908 -0.519682  60000 
 2.63619 -0.525996  60000 
 2.64573 -0.534197  60000 
 2.65742 -0.543899  60000 
 2.67072 -0.554446  60000 
 2.68509 -0.565184  60000 
 2.7 -0.575456  60000 
 2.715 -0.584727  60000 
 2.73 -0.592942  60000 
 2.745 -0.600168  60000 
 2.76 -0.60647  60000 
 2.775 -0.611914  60000 
 2.79 -0.616563  60000 
 2.805 -0.620471  60000 
 2.82 -0.623691  60000 
 2.835 -0.626274  60000 
 2.85 -0.628273  60000 
 2.865 -0.629736  60000 
 2.88 -0.630699  60000 
 2.895 -0.631195  60000 
 2.91 -0.631258  60000 
 2.925 -0.630919  60000 
 2.94 -0.630207  60000 
 2.955 -0.629129  60000 
 2.97 -0.627687  60000 
 2.985 -0.625885  60000 
 3 -0.623723  60000 
 3.015 -0.621197  60000 
 3.03 -0.61827  60000 
 3.045 -0.614899  60000 
 3.06 -0.611039  60000 
 3.075 -0.606647  60000 
 3.09 -0.601681  60000 
 3.105 -0.596113  60000 
 3.12 -0.589918  60000 
 3.135 -0.583072  60000 
 3.15 -0.57555  60000 
 3.16493 -0.567389  60000 
 3.17943 -0.558871  60000 
 3.19306 -0.550341  60000 
 3.20541 -0.542144  60000 
 3.21604 -0.534625  60000 
 3.2247 -0.528019  60000 
 3.23191 -0.522128  60000 
 3.23834 -0.516644  60000 
 3.2447 -0.511262  60000 
 3.25166 -0.505673  60000 
 3.2598 -0.499578  60000 
 3.26914 -0.492704  60000 
 3.27961 -0.484789  60000 
 3.2911 -0.475566  60000 
 3.30354 -0.464772  60000 
 3.31672 -0.452343  60000 
 3.33004 -0.439016  60000 
 3.34278 -0.42573  60000 
 3.35422 -0.413424  60000 
 3.36366 -0.403035  60000 
 3.37066 -0.395154  60000 
 3.37598 -0.38898  60000 
 3.38064 -0.383363  60000 
 3.38568 -0.377153  60000 
 3.39213 -0.3692  60000 
 3.40071 -0.358694  60000 
 3.41092 -0.346177  60000 
 3.42195 -0.33253  60000 
 3.43296 -0.318633  60000 
 3.44314 -0.305367  60000 
 3.4519 -0.29335  60000 
 3.45951 -0.282144  60000 
 3.46648 -0.271049  60000 
 3.47329 -0.259362  60000 
 3.48045 -0.246384  60000 
 3.4883 -0.231678  60000 
 3.49658 -0.215873  60000 
 3.50485 -0.199862  60000 
 3.5127 -0.184538  60000 
 3.5197 -0.170793  60000 
 3.52558 -0.159166  60000 

 2.90647  1.13661  60000 
 2.89789  1.13558  60000 
 2.88743  1.13427  60000 
 2.87545  1.13262  60000 
 2.86234  1.13057  60000 
 2.84849  1.12804  60000 
 2.83423  1.12499  60000 
 2.81967  1.12138  60000 
 2.8049  1.11718  60000 
 2.78999  1.11238  60000 
 2.775  1.10694  60000 
 2.76  1.10083  60000 
 2.74503  1.094  60000 
 2.73011  1.08639  60000 
 2.71526  1.07791  60000 
 2.7005  1.06852  60000 
 2.68595  1.05826  60000 
 2.67204  1.0477  60000 
 2.65931  1.03748  60000 
 2.64829  1.0283  60000 
 2.6395  1.02081  60000 
 2.63319  1.01539  60000 
 2.62851  1.01125  60000 
 2.62434  1.00727  60000 
 2.61955  1.00235  60000 
 2.613  0.995399  60000 
 2.60392  0.98565  60000 
 2.5929  0.973694  60000 
 2.58088  0.960457  60000 
 2.5688  0.946871  60000 
 2.55761  0.933863  60000 
 2.54801  0.922102  60000 
 2.53975  0.911221  60000 
 2.53231  0.90059  60000 
 2.52521  0.889582  60000 
 2.51796  0.877569  60000 
 2.51019  0.864137  60000 
 2.50209  0.84973  60000 
 2.49398  0.835008  60000 
 2.48621  0.820628  60000 
 2.47909  0.807251  60000 
 2.47283  0.795258  60000 
 2.46718  0.783922  60000 
 2.46177  0.772237  60000 
 2.45623  0.7592  60000 
 2.45018  0.743805  60000 
 2.44339  0.725429  60000 
 2.43616  0.704965  60000 
 2.42892  0.68369  60000 
 2.42211  0.662878  60000 
 2.41615  0.643804  60000 
 2.41136  0.627398  60000 
 2.40753  0.613209  60000 
 2.40433  0.600443  60000 
 2.40144  0.588304  60000 
 2.39851  0.575997  60000 
 2.39531  0.562823  60000 
 2.39183  0.548468  60000 
 2.38817  0.532716  60000 
 2.38442  0.515348  60000 
 2.38067  0.496148  60000 
 2.37701  0.475003  60000 
 2.37352  0.452218  60000 
 2.3703  0.428203  60000 
 2.36745  0.403369  60000 
 2.36506  0.378125  60000 
 2.36321  0.352813  60000 
 2.36186  0.3275  60000 
 2.36098  0.302188  60000 
 2.36053  0.276875  60000 
 2.36046  0.251563  60000 
 2.36074  0.22625  60000 
 2.36141  0.200938  60000 
 2.36249  0.175625  60000 
 2.36405  0.150313  60000 
 2.36611  0.125  60000 
 2.36869  0.0997653  60000 
 2.3717  0.0749976  60000 
 2.37502  0.0511637  60000 
 2.37855  0.0287305  60000 
 2.38217  0.00816508  60000 
 2.38576 -0.0102083  60000 
 2.38929 -0.0266353  60000 
 2.39271 -0.0415042  60000 
 2.39599 -0.0552033  60000 
 2.39908 -0.0681209  60000 
 2.40201 -0.0806846  60000 
 2.40499 -0.0934792  60000 
 2.40832 -0.107129  60000 
 2.41227 -0.122258  60000 
 2.41712 -0.139491  60000 
 2.42304 -0.159148  60000 
 2.42974 -0.180334  60000 
 2.43682 -0.201851  60000 
 2.44388 -0.2225  60000 
 2.45051 -0.241083  60000 
 2.45643 -0.256757  60000 
 2.46185 -0.270114  60000 
 2.46711 -0.282098  60000 


# Contour 9, label:    4e+04
 3.15885  1.19578  40000 
 3.14643  1.20592  40000 
 3.13317  1.21346  40000 
 3.11923  1.21862  40000 
 3.10477  1.22192  40000 
 3.08997  1.22384  40000 
 3.075  1.22489  40000 
 3.06  1.22553  40000 
 3.045  1.22594  40000 
 3.03  1.22628  40000 
 3.015  1.2267  40000 
 3  1.22734  40000 
 2.985  1.2283  40000 
 2.97  1.22941  40000 
 2.955  1.23047  40000 
 2.94  1.23128  40000 
 2.925  1.23161  40000 
 2.91  1.23131  40000 
 2.895  1.2304  40000 
 2.88  1.22898  40000 
 2.865  1.22711  40000 
 2.85  1.22488  40000 
 2.835  1.22242  40000 
 2.82  1.22001  40000 
 2.805  1.21799  40000 
 2.79  1.21672  40000 
 2.775  1.21651  40000 
 2.76006  1.21746  40000 
 2.74549  1.21864  40000 
 2.73167  1.21886  40000 
 2.71895  1.21694  40000 
 2.70771  1.21169  40000 
 2.69818  1.20236  40000 
 2.68998  1.18998  40000 
 2.68262  1.17601  40000 
 2.67558  1.1619  40000 
 2.66834  1.14913  40000 

 3.51616 -0.262295  40000 
 3.52079 -0.254308  40000 
 3.52469 -0.247166  40000 
 3.52887 -0.239111  40000 
 3.53429 -0.228379  40000 
 3.54164 -0.213736  40000 
 3.55042 -0.196042  40000 
 3.55982 -0.176684  40000 
 3.56905 -0.157049  40000 
 3.57731 -0.138522  40000 
 3.58402 -0.122158  40000 
 3.58957 -0.10768  40000 
 3.59456 -0.0944773  40000 
 3.5996 -0.0819404  40000 
 3.6053 -0.0694594  40000 
 3.61208 -0.0564695  40000 
 3.61958 -0.0425857  40000 
 3.62724 -0.0274678  40000 
 3.63451 -0.0107758  40000 
 3.64084  0.00783046  40000 
 3.64581  0.0285592  40000 
 3.64954  0.0510914  40000 
 3.65231  0.0749761  40000 
 3.65437  0.0997626  40000 
 3.65598  0.125  40000 
 3.65737  0.150313  40000 
 3.65858  0.175625  40000 
 3.65958  0.200938  40000 
 3.66037  0.22625  40000 
 3.66094  0.251563  40000 
 3.66128  0.276875  40000 
 3.66139  0.302188  40000 
 3.66125  0.3275  40000 
 3.66087  0.352813  40000 
 3.66025  0.378125  40000 
 3.65931  0.403438  40000 
 3.6578  0.42875  40000 
 3.65538  0.454063  40000 
 3.65174  0.479375  40000 
 3.64654  0.504688  40000 
 3.63965  0.529837  40000 
 3.63168  0.554008  40000 
 3.62345  0.576222  40000 
 3.61574  0.595502  40000 
 3.60937  0.610868  40000 
 3.60491  0.621825  40000 
 3.60203  0.629814  40000 
 3.60017  0.636756  40000 
 3.59879  0.644573  40000 
 3.59731  0.65519  40000 
 3.59525  0.669984  40000 
 3.59233  0.688162  40000 
 3.58836  0.708387  40000 
 3.58313  0.729323  40000 
 3.57643  0.749633  40000 
 3.56819  0.768242  40000 
 3.55882  0.785121  40000 
 3.54887  0.800504  40000 
 3.53889  0.814625  40000 
 3.52943  0.827718  40000 
 3.5209  0.840046  40000 
 3.51312  0.851995  40000 
 3.50579  0.863982  40000 
 3.49862  0.876421  40000 
 3.4913  0.889729  40000 
 3.48355  0.904147  40000 
 3.47517  0.919215  40000 
 3.46601  0.934298  40000 
 3.45591  0.94876  40000 
 3.4447  0.961966  40000 
 3.43238  0.973404  40000 
 3.41962  0.983046  40000 
 3.40723  0.990988  40000 
 3.39604  0.997328  40000 
 3.38689  1.00216  40000 
 3.38026  1.00573  40000 
 3.37538  1.00889  40000 
 3.37112  1.01264  40000 
 3.36638  1.01799  40000 
 3.36005  1.02594  40000 
 3.35128  1.03711  40000 
 3.34032  1.05063  40000 
 3.32768  1.06523  40000 
 3.31386  1.07966  40000 
 3.29939  1.09267  40000 
 3.28476  1.10327  40000 
 3.27044  1.11158  40000 
 3.25689  1.118  40000 
 3.24457  1.1229  40000 
 3.23393  1.1267  40000 
 3.22525  1.12982  40000 
 3.21802  1.13295  40000 
 3.21157  1.1368  40000 
 3.2052  1.14211  40000 
 3.19823  1.1496  40000 
 3.1901  1.15968  40000 
 3.18077  1.17151  40000 
 3.17032  1.18393  40000 
 3.15885  1.19578  40000 

 2.4574 -0.428807  40000 
 2.46547 -0.443307  40000 
 2.4733 -0.456642  40000 
 2.48078 -0.468629  40000 
 2.488 -0.47951  40000 
 2.49511 -0.489631  40000 
 2.50227 -0.499338  40000 
 2.50963 -0.508979  40000 
 2.51733 -0.518852  40000 
 2.52558 -0.529068  40000 
 2.53456 -0.539691  40000 
 2.54448 -0.550781  40000 
 2.55553 -0.562404  40000 
 2.56775 -0.574512  40000 
 2.58054 -0.586619  40000 
 2.59316 -0.598131  40000 
 2.60485 -0.608452  40000 
 2.61485 -0.616988  40000 
 2.62268 -0.62339  40000 
 2.62894 -0.628292  40000 
 2.63448 -0.632574  40000 
 2.64018 -0.63712  40000 
 2.64689 -0.642807  40000 
 2.65528 -0.650272  40000 
 2.66528 -0.659155  40000 
 2.67664 -0.668853  40000 
 2.68908 -0.678762  40000 
 2.70235 -0.688276  40000 
 2.7162 -0.696885  40000 
 2.73051 -0.704446  40000 
 2.74515 -0.710912  40000 
 2.76002 -0.716233  40000 
 2.775 -0.720362  40000 
 2.79 -0.72329  40000 
 2.805 -0.725171  40000 
 2.82 -0.7262  40000 
 2.835 -0.72657  40000 
 2.85 -0.726477  40000 
 2.865 -0.726099  40000 
 2.88 -0.725546  40000 
 2.895 -0.724913  40000 
 2.91 -0.724295  40000 
 2.925 -0.723786  40000 
 2.94 -0.72346  40000 
 2.955 -0.723307  40000 
 2.97 -0.723296  40000 
 2.985 -0.723395  40000 
 3 -0.723573  40000 
 3.01499 -0.723679  40000 
 3.02994 -0.723085  40000 
 3.04479 -0.721044  40000 
 3.05951 -0.716807  40000 
 3.07405 -0.709628  40000 
 3.08829 -0.699124  40000 
 3.10184 -0.686376  40000 
 3.11423 -0.672831  40000 
 3.125 -0.659935  40000 
 3.1337 -0.649135  40000 
 3.1401 -0.641492  40000 
 3.14503 -0.636525  40000 
 3.14954 -0.633368  40000 
 3.15469 -0.631156  40000 
 3.16155 -0.629021  40000 
 3.17091 -0.626237  40000 
 3.18249 -0.622626  40000 
 3.19574 -0.618151  40000 
 3.21009 -0.612773  40000 
 3.225 -0.606454  40000 
 3.23994 -0.599181  40000 
 3.25455 -0.591043  40000 
 3.2685 -0.582154  40000 
 3.28144 -0.572628  40000 
 3.29305 -0.562579  40000 
 3.30311 -0.55215  40000 
 3.3119 -0.541599  40000 
 3.31983 -0.53121  40000 
 3.32729 -0.52127  40000 
 3.33469 -0.512064  40000 
 3.34238 -0.503711  40000 
 3.35054 -0.495658  40000 
 3.35932 -0.487182  40000 
 3.36883 -0.477563  40000 
 3.37923 -0.466079  40000 
 3.39051 -0.452331  40000 
 3.40213 -0.437203  40000 
 3.41341 -0.421901  40000 
 3.42367 -0.40763  40000 
 3.43224 -0.395596  40000 
 3.43872 -0.386547  40000 
 3.44381 -0.379392  40000 
 3.44849 -0.372582  40000 
 3.45373 -0.36457  40000 
 3.46052 -0.353806  40000 
 3.4695 -0.339288  40000 
 3.47996 -0.322204  40000 
 3.49087 -0.304287  40000 
 3.50117 -0.287271  40000 
 3.50984 -0.27289  40000 
 3.51616 -0.262295  40000 

 2.66834  1.14913  40000 
 2.66048  1.13877  40000 
 2.65182  1.13041  40000 
 2.64228  1.12326  40000 
 2.63178  1.11652  40000 
 2.62021  1.10939  40000 
 2.60761  1.10127  40000 
 2.59447  1.09222  40000 
 2.58139  1.08249  40000 
 2.56899  1.07234  40000 
 2.55787  1.06201  40000 
 2.54844  1.0517  40000 
 2.54037  1.04134  40000 
 2.53312  1.03085  40000 
 2.52616  1.02011  40000 
 2.51896  1.00901  40000 
 2.51111  0.997475  40000 
 2.5027  0.985558  40000 
 2.49396  0.973333  40000 
 2.48509  0.960879  40000 
 2.47632  0.948272  40000 
 2.46783  0.935557  40000 
 2.45962  0.922635  40000 
 2.45166  0.909374  40000 
 2.44391  0.895641  40000 
 2.43634  0.881302  40000 
 2.42892  0.866325  40000 
 2.42172  0.851068  40000 
 2.41482  0.835988  40000 
 2.40829  0.821542  40000 
 2.40221  0.808188  40000 
 2.39661  0.796144  40000 
 2.39132  0.784678  40000 
 2.38612  0.772819  40000 
 2.38079  0.759597  40000 
 2.3751  0.744039  40000 
 2.36892  0.725489  40000 
 2.36245  0.704543  40000 
 2.35598  0.68211  40000 
 2.34978  0.659098  40000 
 2.34416  0.636418  40000 
 2.33931  0.614872  40000 
 2.33516  0.594833  40000 
 2.33157  0.576572  40000 
 2.32839  0.560356  40000 
 2.32546  0.546454  40000 
 2.32266  0.534875  40000 
 2.31986  0.524597  40000 
 2.31697  0.51434  40000 
 2.3139  0.502822  40000 
 2.31053  0.488762  40000 
 2.30683  0.471221  40000 
 2.30304  0.450623  40000 
 2.29945  0.427731  40000 
 2.29636  0.40331  40000 
 2.29407  0.378125  40000 
 2.29277  0.352813  40000 
 2.2923  0.3275  40000 
 2.29238  0.302188  40000 
 2.29275  0.276875  40000 
 2.29314  0.251563  40000 
 2.29335  0.22625  40000 
 2.29349  0.200938  40000 
 2.29377  0.175625  40000 
 2.29436  0.150313  40000 
 2.29545  0.125  40000 
 2.2972  0.099837  40000 
 2.2995  0.0755709  40000 
 2.30224  0.0530987  40000 
 2.30528  0.0333173  40000 
 2.30849  0.0171236  40000 
 2.31175  0.00498546  40000 
 2.31506 -0.00434637  40000 
 2.31841 -0.0125501  40000 
 2.32182 -0.0213041  40000 
 2.32529 -0.0322867  40000 
 2.32885 -0.0467854  40000 
 2.33261 -0.0645251  40000 
 2.3367 -0.0848401  40000 
 2.34124 -0.107065  40000 
 2.34636 -0.130533  40000 
 2.35212 -0.154561  40000 
 2.35832 -0.178398  40000 
 2.3647 -0.201274  40000 
 2.37099 -0.22242  40000 
 2.37691 -0.241066  40000 
 2.3823 -0.256728  40000 
 2.38727 -0.270071  40000 
 2.39204 -0.282042  40000 
 2.39683 -0.293592  40000 
 2.40185 -0.305668  40000 
 2.40729 -0.319013  40000 
 2.41317 -0.333536  40000 
 2.41951 -0.348941  40000 
 2.42631 -0.364929  40000 
 2.43357 -0.381203  40000 
 2.44128 -0.397467  40000 
 2.44928 -0.413431  40000 
 2.4574 -0.428807  40000 


# Contour 10, label:    2e+04
 3.64611  0.737145  20000 
 3.63871  0.75508  20000 
 3.63115  0.772447  20000 
 3.62353  0.789016  20000 
 3.61593  0.804644  20000 
 3.60845  0.819187  20000 
 3.60115  0.832505  20000 
 3.5941  0.844555  20000 
 3.58718  0.855707  20000 
 3.58027  0.866431  20000 
 3.57323  0.8772  20000 
 3.56591  0.888483  20000 
 3.55823  0.900621  20000 
 3.55033  0.913427  20000 
 3.54239  0.926584  20000 
 3.53459  0.939773  20000 
 3.52711  0.952678  20000 
 3.52007  0.965062  20000 
 3.51331  0.977021  20000 
 3.50662  0.98873  20000 
 3.49977  1.00037  20000 
 3.49253  1.01211  20000 
 3.48474  1.02409  20000 
 3.47638  1.03631  20000 
 3.46749  1.04871  20000 
 3.45812  1.06125  20000 
 3.4483  1.07388  20000 
 3.43813  1.08651  20000 
 3.42792  1.09891  20000 
 3.41803  1.11081  20000 
 3.40882  1.12194  20000 
 3.40067  1.13203  20000 
 3.39376  1.14089  20000 
 3.38755  1.1487  20000 
 3.38129  1.1557  20000 
 3.37429  1.16214  20000 
 3.36579  1.16829  20000 
 3.35529  1.17441  20000 
 3.34301  1.18076  20000 
 3.32941  1.18765  20000 
 3.31493  1.19537  20000 
 3.3  1.20419  20000 
 3.2851  1.21424  20000 
 3.27079  1.22489  20000 
 3.25768  1.23536  20000 
 3.24636  1.24484  20000 
 3.23741  1.25256  20000 
 3.23115  1.25802  20000 
 3.22668  1.26192  20000 
 3.22282  1.26526  20000 
 3.21837  1.26905  20000 
 3.21215  1.2743  20000 
 3.20327  1.28167  20000 
 3.19202  1.29049  20000 
 3.17898  1.29975  20000 
 3.16475  1.30845  20000 
 3.14991  1.31558  20000 
 3.13496  1.3204  20000 
 3.11998  1.32321  20000 
 3.10499  1.32455  20000 
 3.09  1.325  20000 
 3.075  1.32511  20000 
 3.06  1.32536  20000 
 3.045  1.32587  20000 
 3.03  1.32668  20000 
 3.015  1.32784  20000 
 3  1.3294  20000 
 2.985  1.33135  20000 
 2.97  1.33354  20000 
 2.955  1.33577  20000 
 2.94  1.33784  20000 
 2.925  1.33956  20000 
 2.91  1.34077  20000 
 2.895  1.34149  20000 
 2.88  1.34178  20000 
 2.865  1.34169  20000 
 2.85  1.34128  20000 
 2.835  1.34063  20000 
 2.82  1.33987  20000 
 2.805  1.33913  20000 
 2.79  1.33855  20000 
 2.775  1.33828  20000 
 2.76  1.33839  20000 
 2.745  1.33866  20000 
 2.73  1.3388  20000 
 2.715  1.33851  20000 
 2.7  1.33751  20000 
 2.685  1.33553  20000 
 2.67002  1.33245  20000 
 2.65505  1.32815  20000 
 2.64012  1.32255  20000 
 2.62524  1.31553  20000 
 2.6105  1.30713  20000 
 2.59639  1.29796  20000 
 2.58346  1.28877  20000 
 2.57229  1.28031  20000 
 2.56344  1.27333  20000 

 3.18488 -0.746834  20000 
 3.19422 -0.737222  20000 
 3.20467 -0.727573  20000 
 3.21614 -0.718486  20000 
 3.22856 -0.710556  20000 
 3.24178 -0.704168  20000 
 3.25538 -0.698854  20000 
 3.2689 -0.693934  20000 
 3.28187 -0.688726  20000 
 3.29384 -0.682549  20000 
 3.30445 -0.674883  20000 
 3.31387 -0.665838  20000 
 3.32239 -0.655683  20000 
 3.33029 -0.644689  20000 
 3.33786 -0.633125  20000 
 3.34539 -0.621228  20000 
 3.35319 -0.609106  20000 
 3.36157 -0.596833  20000 
 3.37085 -0.584485  20000 
 3.38134 -0.572135  20000 
 3.39315 -0.559921  20000 
 3.40559 -0.548225  20000 
 3.41778 -0.537492  20000 
 3.42883 -0.528165  20000 
 3.43785 -0.520689  20000 
 3.4443 -0.515256  20000 
 3.44897 -0.511042  20000 
 3.45304 -0.506969  20000 
 3.45763 -0.501961  20000 
 3.46391 -0.494941  20000 
 3.47267 -0.485161  20000 
 3.48332 -0.473185  20000 
 3.49495 -0.459908  20000 
 3.5066 -0.446224  20000 
 3.51736 -0.433027  20000 
 3.52653 -0.420952  20000 
 3.53439 -0.409608  20000 
 3.54149 -0.398344  20000 
 3.54836 -0.38651  20000 
 3.55553 -0.373455  20000 
 3.56338 -0.358779  20000 
 3.57168 -0.343079  20000 
 3.58002 -0.3272  20000 
 3.58803 -0.31199  20000 
 3.59529 -0.298294  20000 
 3.60154 -0.286616  20000 
 3.60692 -0.276084  20000 
 3.61171 -0.265484  20000 
 3.61618 -0.253602  20000 
 3.62059 -0.239222  20000 
 3.62518 -0.221563  20000 
 3.62997 -0.20157  20000 
 3.63497 -0.180622  20000 
 3.64019 -0.160097  20000 
 3.64561 -0.141373  20000 
 3.65125 -0.12545  20000 
 3.65709 -0.111811  20000 
 3.66313 -0.0995608  20000 
 3.66937 -0.0878049  20000 
 3.67582 -0.0756476  20000 
 3.6824 -0.0623236  20000 
 3.68883 -0.0475858  20000 
 3.69477 -0.0313169  20000 
 3.69986 -0.0133996  20000 
 3.70377  0.0062834  20000 
 3.70626  0.0277671  20000 
 3.70759  0.0507572  20000 
 3.70814  0.0748771  20000 
 3.7083  0.0997503  20000 
 3.70842  0.125  20000 
 3.70882  0.150313  20000 
 3.70945  0.175625  20000 
 3.71019  0.200938  20000 
 3.71091  0.22625  20000 
 3.71149  0.251563  20000 
 3.71182  0.276875  20000 
 3.71193  0.302188  20000 
 3.71183  0.3275  20000 
 3.71155  0.352813  20000 
 3.71113  0.378125  20000 
 3.71057  0.403438  20000 
 3.70982  0.42875  20000 
 3.70879  0.454063  20000 
 3.7074  0.479375  20000 
 3.70558  0.504688  20000 
 3.70327  0.529871  20000 
 3.70056  0.55428  20000 
 3.69755  0.577141  20000 
 3.69435  0.597678  20000 
 3.69108  0.615118  20000 
 3.6878  0.629034  20000 
 3.68438  0.640389  20000 
 3.68067  0.650493  20000 
 3.6765  0.660657  20000 
 3.67171  0.672191  20000 
 3.66617  0.686077  20000 
 3.65997  0.701976  20000 
 3.65324  0.719221  20000 
 3.64611  0.737145  20000 

 2.24294 -0.284048  20000 
 2.24695 -0.29594  20000 
 2.25112 -0.30815  20000 
 2.25556 -0.321409  20000 
 2.26041 -0.335927  20000 
 2.26584 -0.351786  20000 
 2.27198 -0.369066  20000 
 2.279 -0.38785  20000 
 2.28691 -0.408006  20000 
 2.29528 -0.428559  20000 
 2.30353 -0.448325  20000 
 2.31108 -0.466117  20000 
 2.31738 -0.480749  20000 
 2.32209 -0.491533  20000 
 2.32585 -0.499782  20000 
 2.32954 -0.507305  20000 
 2.33404 -0.515912  20000 
 2.34023 -0.527414  20000 
 2.34866 -0.542996  20000 
 2.35861 -0.561352  20000 
 2.36904 -0.580551  20000 
 2.37888 -0.598663  20000 
 2.38709 -0.613758  20000 
 2.39298 -0.624514  20000 
 2.39732 -0.632047  20000 
 2.40122 -0.638084  20000 
 2.40581 -0.644349  20000 
 2.41221 -0.652568  20000 
 2.42118 -0.663969  20000 
 2.4321 -0.677786  20000 
 2.44396 -0.692754  20000 
 2.45577 -0.70761  20000 
 2.46656 -0.72109  20000 
 2.47558 -0.732262  20000 
 2.48319 -0.741529  20000 
 2.49001 -0.749624  20000 
 2.49665 -0.757283  20000 
 2.50373 -0.76524  20000 
 2.51175 -0.774046  20000 
 2.52081 -0.783517  20000 
 2.53089 -0.793285  20000 
 2.54198 -0.802984  20000 
 2.55406 -0.812245  20000 
 2.56708 -0.820766  20000 
 2.58088 -0.828507  20000 
 2.59526 -0.835494  20000 
 2.61003 -0.84175  20000 
 2.625 -0.847302  20000 
 2.63999 -0.852195  20000 
 2.65494 -0.856563  20000 
 2.66979 -0.86056  20000 
 2.6845 -0.864339  20000 
 2.69901 -0.868056  20000 
 2.71323 -0.87181  20000 
 2.72675 -0.875492  20000 
 2.73911 -0.878936  20000 
 2.74987 -0.881978  20000 
 2.75856 -0.884452  20000 
 2.7649 -0.886243  20000 
 2.76935 -0.887424  20000 
 2.77254 -0.888117  20000 
 2.7751 -0.888444  20000 
 2.77767 -0.888526  20000 
 2.7808 -0.888464  20000 
 2.78469 -0.88828  20000 
 2.78946 -0.887973  20000 
 2.79523 -0.887544  20000 
 2.80213 -0.886993  20000 
 2.81024 -0.886288  20000 
 2.81952 -0.885266  20000 
 2.8299 -0.88373  20000 
 2.8413 -0.881487  20000 
 2.85366 -0.87834  20000 
 2.86687 -0.874176  20000 
 2.88079 -0.869219  20000 
 2.89523 -0.863772  20000 
 2.91003 -0.858142  20000 
 2.925 -0.852634  20000 
 2.94 -0.847507  20000 
 2.955 -0.842847  20000 
 2.97 -0.838691  20000 
 2.985 -0.83508  20000 
 3 -0.832051  20000 
 3.015 -0.829578  20000 
 3.03 -0.827364  20000 
 3.045 -0.825044  20000 
 3.06 -0.822256  20000 
 3.075 -0.818636  20000 
 3.08993 -0.813933  20000 
 3.10443 -0.808343  20000 
 3.11807 -0.802177  20000 
 3.13042 -0.795743  20000 
 3.14106 -0.789351  20000 
 3.14974 -0.783206  20000 
 3.15697 -0.777096  20000 
 3.16342 -0.770704  20000 
 3.16978 -0.763716  20000 
 3.17675 -0.755814  20000 
 3.18488 -0.746834  20000 

 2.56344  1.27333  20000 
 2.55719  1.2683  20000 
 2.55266  1.26465  20000 
 2.54869  1.26153  20000 
 2.5441  1.25809  20000 
 2.53774  1.25349  20000 
 2.52874  1.24707  20000 
 2.51752  1.23888  20000 
 2.50478  1.22918  20000 
 2.49125  1.2182  20000 
 2.47763  1.2062  20000 
 2.46456  1.19346  20000 
 2.45234  1.18047  20000 
 2.44119  1.16778  20000 
 2.43134  1.15591  20000 
 2.42301  1.1454  20000 
 2.41626  1.13653  20000 
 2.41049  1.12856  20000 
 2.40497  1.12049  20000 
 2.39893  1.11132  20000 
 2.39165  1.10005  20000 
 2.38262  1.08606  20000 
 2.37245  1.07028  20000 
 2.36198  1.05403  20000 
 2.35207  1.03861  20000 
 2.34357  1.02534  20000 
 2.33708  1.01506  20000 
 2.33206  1.00679  20000 
 2.32773  0.999059  20000 
 2.3233  0.990427  20000 
 2.31796  0.979435  20000 
 2.31117  0.965056  20000 
 2.30325  0.947962  20000 
 2.29475  0.929255  20000 
 2.28624  0.910033  20000 
 2.27829  0.891398  20000 
 2.2713  0.874223  20000 
 2.26522  0.858485  20000 
 2.25982  0.843935  20000 
 2.2549  0.830325  20000 
 2.25026  0.817406  20000 
 2.2457  0.804864  20000 
 2.24115  0.792126  20000 
 2.23659  0.778553  20000 
 2.23195  0.763505  20000 
 2.2272  0.746344  20000 
 2.22232  0.726628  20000 
 2.21746  0.70471  20000 
 2.21276  0.681141  20000 
 2.2084  0.656471  20000 
 2.20453  0.63125  20000 
 2.20127  0.605938  20000 
 2.19848  0.580625  20000 
 2.19596  0.555313  20000 
 2.19353  0.53  20000 
 2.19097  0.504688  20000 
 2.18818  0.479543  20000 
 2.18528  0.455403  20000 
 2.18246  0.433274  20000 
 2.17994  0.414162  20000 
 2.1779  0.399072  20000 
 2.17649  0.388507  20000 
 2.1756  0.380965  20000 
 2.17504  0.374443  20000 
 2.17466  0.366937  20000 
 2.17428  0.356443  20000 
 2.17376  0.341534  20000 
 2.17318  0.323096  20000 
 2.17264  0.302589  20000 
 2.17223  0.281475  20000 
 2.17208  0.261217  20000 
 2.17224  0.242967  20000 
 2.17269  0.226642  20000 
 2.17336  0.21185  20000 
 2.17417  0.1982  20000 
 2.17507  0.1853  20000 
 2.17601  0.17272  20000 
 2.17702  0.159885  20000 
 2.17817  0.14618  20000 
 2.1795  0.130992  20000 
 2.18107  0.113708  20000 
 2.18293  0.0939059  20000 
 2.18504  0.0719359  20000 
 2.18735  0.0483398  20000 
 2.18979  0.0236597  20000 
 2.19233 -0.0015625  20000 
 2.19494 -0.026875  20000 
 2.19768 -0.0521875  20000 
 2.20066 -0.0775  20000 
 2.20396 -0.102812  20000 
 2.20769 -0.128125  20000 
 2.21191 -0.153333  20000 
 2.21647 -0.177918  20000 
 2.22122 -0.201254  20000 
 2.22597 -0.222718  20000 
 2.23056 -0.241686  20000 
 2.23486 -0.257781  20000 
 2.23895 -0.271615  20000 
 2.24294 -0.284048  20000 

 2.72931 -1.9  20000 
 2.7597 -1.87189  20000 
 2.79388 -1.85853  20000 
 2.82859 -1.85924  20000 
 2.8606 -1.87329  20000 
 2.88666 -1.9  20000 

