   8.7430000000000003       -6.0629999999999997     
   8.8294999999999995       -5.9444999999999997     
   8.9160000000000004       -5.8259999999999996     
   8.9646086999999994       -5.7587391300000004     
   9.0132173899999994       -5.6914782600000002     
   9.0506086999999997       -5.6397391299999997     
   9.0879999999999992       -5.5880000000000001     
   9.1739999999999995       -5.4695000000000000     
   9.2599999999999998       -5.3510000000000000     
   9.3032500000000002       -5.2917500000000004     
   9.3465000000000007       -5.2324999999999999     
   9.3897499999999994       -5.1732500000000003     
   9.4329999999999998       -5.1139999999999999     
   9.5190000000000001       -4.9954999999999998     
   9.6050000000000004       -4.8769999999999998     
   9.6910000000000007       -4.7584999999999997     
   9.7769999999999992       -4.6399999999999997     
   9.8202499999999997       -4.5804999999999998     
   9.8635000000000002       -4.5209999999999999     
   9.9067500000000006       -4.4615000000000000     
   9.9499999999999993       -4.4020000000000001     
   10.036000000000000       -4.2835000000000001     
   10.122000000000000       -4.1650000000000000     
   10.208000000000000       -4.0465000000000000     
   10.294000000000000       -3.9279999999999999     
   10.337249999999999       -3.8687499999999999     
   10.380500000000000       -3.8094999999999999     
   10.423750000000000       -3.7502499999999999     
   10.467000000000001       -3.6909999999999998     
   10.553000000000001       -3.5724999999999998     
   10.638999999999999       -3.4540000000000002     
   10.676391300000001       -3.4022608700000001     
   10.713782600000000       -3.3505217400000000     
   10.762391300000001       -3.2832608699999999     
   10.811000000000000       -3.2160000000000002     
   10.897500000000001       -3.0975000000000001     
   10.984000000000000       -2.9790000000000001     
   11.070000000000000       -2.8605000000000000     
   11.156000000000001       -2.7420000000000000     
   11.238500000000000       -2.6210000000000000     
   11.321000000000000       -2.5000000000000000     
   11.357296099999999       -2.4383697799999999     
   11.393592099999999       -2.3767395499999999     
   11.431796100000000       -2.3118697799999999     
   11.470000000000001       -2.2469999999999999     
   11.536500000000000       -2.1164999999999998     
   11.603000000000000       -1.9860000000000000     
   11.635782600000001       -1.9099782599999999     
   11.668565200000000       -1.8339565200000001     
   11.693782600000000       -1.7754782600000001     
   11.718999999999999       -1.7170000000000001     
   11.769000000000000       -1.5794999999999999     
   11.819000000000001       -1.4419999999999999     
   11.859500000000001       -1.3009999999999999     
   11.900000000000000       -1.1599999999999999     
   11.926847800000001       -1.0791739100000000     
   11.953695700000001      -0.99834782600000005     
   11.974347800000000      -0.93617391299999997     
   11.994999999999999      -0.87400000000000000     
   11.994999999999999      -0.80174999999999996     
   11.994999999999999      -0.72950000000000004     
   11.994999999999999      -0.65725000000000000     
   11.994999999999999      -0.58499999999999996     
   11.994999999999999      -0.43900000000000000     
   11.994999999999999      -0.29299999999999998     
   11.994999999999999      -0.14649999999999999     
   11.994999999999999        0.0000000000000000     
   11.994999999999999       0.15300000000000000     
   11.994999999999999       0.30599999999999999     
   11.994999999999999       0.45900000000000002     
   11.994999999999999       0.61199999999999999     
   11.984999999999999       0.76349999999999996     
   11.975000000000000       0.91500000000000004     
   11.963043499999999       0.98065217400000004     
   11.951086999999999        1.0463043500000000     
   11.935543500000000        1.1316521700000000     
   11.920000000000000        1.2170000000000001     
   11.884000000000000        1.3660000000000001     
   11.848000000000001        1.5149999999999999     
   11.804500000000001        1.6615000000000000     
   11.760999999999999        1.8080000000000001     
   11.710500000000000        1.9524999999999999     
   11.660000000000000        2.0970000000000000     
   11.628136700000001        2.1743433200000002     
   11.596273500000001        2.2516866400000000     
   11.569636700000000        2.3163433200000001     
   11.542999999999999        2.3809999999999998     
   11.477000000000000        2.5190000000000001     
   11.411000000000000        2.6570000000000000     
   11.369739100000000        2.7333043500000000     
   11.328478300000000        2.8096087000000001     
   11.296739100000000        2.8683043499999998     
   11.265000000000001        2.9270000000000000     
   11.185499999999999        3.0575000000000001     
   11.106000000000000        3.1880000000000002     
   11.068391300000000        3.2429999999999999     
   11.030782600000000        3.2980000000000000     
   10.981891299999999        3.3694999999999999     
   10.933000000000000        3.4409999999999998     
   10.840000000000000        3.5625000000000000     
   10.747000000000000        3.6840000000000002     
   10.703739100000000        3.7348695699999999     
   10.660478299999999        3.7857391300000001     
   10.604239099999999        3.8518695699999999     
   10.548000000000000        3.9180000000000001     
   10.443000000000000        4.0294999999999996     
   10.337999999999999        4.1410000000000000     
   10.227000000000000        4.2465000000000002     
   10.116000000000000        4.3520000000000003     
   10.000999999999999        4.4520000000000000     
   9.8859999999999992        4.5519999999999996     
   9.7675000000000001        4.6470000000000002     
   9.6489999999999991        4.7420000000000000     
   9.5957391300000001        4.7815652200000001     
   9.5424782599999993        4.8211304300000002     
   9.4732391299999996        4.8725652200000003     
   9.4039999999999999        4.9240000000000004     
   9.2780000000000005        5.0095000000000001     
   9.1519999999999992        5.0949999999999998     
   9.0229999999999997        5.1755000000000004     
   8.8940000000000001        5.2560000000000002     
   8.8286826900000008        5.2932185399999998     
   8.7633653799999998        5.3304370800000003     
   8.6961826900000005        5.3687185399999997     
   8.6289999999999996        5.4070000000000000     
   8.4939999999999998        5.4770000000000003     
   8.3590000000000000        5.5469999999999997     
   8.2973511700000007        5.5758141300000004     
   8.2357023300000005        5.6046282600000001     
   8.1593511700000008        5.6403141300000001     
   8.0830000000000002        5.6760000000000002     
   7.9429999999999996        5.7355000000000000     
   7.8029999999999999        5.7949999999999999     
   7.6675000000000004        5.8310000000000004     
   7.5320000000000000        5.8670000000000000     
   7.3920000000000003        5.8695000000000004     
   7.2519999999999998        5.8719999999999999     
   7.1154999999999999        5.8414999999999999     
   6.9790000000000001        5.8109999999999999     
   6.9244347800000003        5.7838260899999998     
   6.8698695699999996        5.7566521699999997     
   6.7989347799999997        5.7213260899999998     
   6.7279999999999998        5.6859999999999999     
   6.6210000000000004        5.5955000000000004     
   6.5140000000000002        5.5049999999999999     
   6.4314999999999998        5.3914999999999997     
   6.3490000000000002        5.2779999999999996     
   6.3125000000000000        5.1989999999999998     
   6.2759999999999998        5.1200000000000001     
   6.2394999999999996        5.0410000000000004     
   6.2030000000000003        4.9619999999999997     
   6.1779999999999999        4.8784999999999998     
   6.1529999999999996        4.7949999999999999     
   6.1029999999999998        4.6280000000000001     
   6.0891521700000002        4.5302173899999998     
   6.0753043499999997        4.4324347800000004     
   6.0646521699999996        4.3572173899999997     
   6.0540000000000003        4.2820000000000000     
   6.0434999999999999        4.1375000000000002     
   6.0330000000000004        3.9929999999999999     
   6.0229999999999997        3.8485000000000000     
   6.0129999999999999        3.7040000000000002     
   6.0080000000000000        3.6315000000000000     
   6.0030000000000001        3.5590000000000002     
   5.9980000000000002        3.4864999999999999     
   5.9930000000000003        3.4140000000000001     
   5.9829999999999997        3.2694999999999999     
   5.9729999999999999        3.1250000000000000     
   5.9677499999999997        3.0527500000000001     
   5.9625000000000004        2.9805000000000001     
   5.9572500000000002        2.9082499999999998     
   5.9520000000000000        2.8359999999999999     
   5.9420000000000002        2.6915000000000000     
   5.9320000000000004        2.5470000000000002     
   5.9269999999999996        2.4744999999999999     
   5.9219999999999997        2.4020000000000001     
   5.9169999999999998        2.3294999999999999     
   5.9119999999999999        2.2570000000000001     
   5.9020000000000001        2.1124999999999998     
   5.8920000000000003        1.9680000000000000     
   5.8815000000000000        1.8234999999999999     
   5.8710000000000004        1.6790000000000000     
   5.8658161700000004        1.6038344400000000     
   5.8606323400000004        1.5286688799999999     
   5.8558161699999998        1.4588344400000000     
   5.8510000000000000        1.3890000000000000     
   5.8410000000000002        1.2444999999999999     
   5.8310000000000004        1.1000000000000001     
   5.8310000000000004       0.95599999999999996     
   5.8310000000000004       0.81200000000000006     
   5.8310000000000004       0.66849999999999998     
   5.8310000000000004       0.52500000000000002     
   5.8310000000000004       0.38150000000000001     
   5.8310000000000004       0.23799999999999999     
   5.8310000000000004        9.4000000000000000E-002
   5.8310000000000004       -5.0000000000000003E-002
   5.8310000000000004      -0.19400000000000001     
   5.8310000000000004      -0.33800000000000002     
   5.8310000000000004      -0.48149999999999998     
   5.8310000000000004      -0.62500000000000000     
   5.8310000000000004      -0.76849999999999996     
   5.8310000000000004      -0.91200000000000003     
   5.8310000000000004       -1.0560000000000000     
   5.8310000000000004       -1.2000000000000000     
   5.8377391300000001       -1.2652173900000001     
   5.8444782599999998       -1.3304347800000000     
   5.8532391300000004       -1.4152173900000000     
   5.8620000000000001       -1.5000000000000000     
   5.8780000000000001       -1.6495000000000000     
   5.8940000000000001       -1.7989999999999999     
   5.9095000000000004       -1.9490000000000001     
   5.9249999999999998       -2.0990000000000002     
   5.9340434799999997       -2.1837826100000002     
   5.9430869599999996       -2.2685652200000002     
   5.9500434799999997       -2.3337826100000001     
   5.9569999999999999       -2.3990000000000000     
   5.9725000000000001       -2.5485000000000002     
   5.9880000000000004       -2.6980000000000000     
   5.9960000000000004       -2.7730000000000001     
   6.0039999999999996       -2.8479999999999999     
   6.0119999999999996       -2.9230000000000000     
   6.0199999999999996       -2.9980000000000002     
   6.0354999999999999       -3.1475000000000000     
   6.0510000000000002       -3.2970000000000002     
   6.0579565200000003       -3.3622173900000001     
   6.0649130400000004       -3.4274347800000000     
   6.0739565200000003       -3.5122173900000000     
   6.0830000000000002       -3.5970000000000000     
   6.0984999999999996       -3.7469999999999999     
   6.1139999999999999       -3.8969999999999998     
   6.1299999999999999       -4.0465000000000000     
   6.1459999999999999       -4.1959999999999997     
   6.1615000000000002       -4.3460000000000001     
   6.1769999999999996       -4.4960000000000004     
   6.1929999999999996       -4.6459999999999999     
   6.2089999999999996       -4.7960000000000003     
   6.2223421099999996       -4.9228558900000001     
   6.2356842099999996       -5.0497117800000000     
   6.2459473699999997       -5.1472932299999998     
   6.2562105299999997       -5.2448746899999996     
   6.2641052600000000       -5.3199373400000001     
   6.2720000000000002       -5.3949999999999996     
   6.3544999999999998       -5.4494999999999996     
   6.4370000000000003       -5.5039999999999996     
   6.4610000000000003       -5.6100000000000003     
   6.4850000000000003       -5.7160000000000002     
   6.4660869600000002       -5.7899130400000001     
   6.4471739100000001       -5.8638260899999999     
   6.4225869600000003       -5.9599130400000000     
   6.3979999999999997       -6.0560000000000000     
   6.3734130400000000       -6.1518043499999999     
   6.3488260900000002       -6.2476086999999998     
   6.3299130400000001       -6.3213043500000001     
   6.3109999999999999       -6.3949999999999996     
   6.3753478299999999       -6.4180434799999997     
   6.4396956500000000       -6.4410869599999998     
   6.5233478299999996       -6.4710434799999996     
   6.6070000000000002       -6.5010000000000003     
   6.6906521699999999       -6.5309565200000002     
   6.7743043500000004       -6.5609130400000000     
   6.8386521699999996       -6.5839565200000001     
   6.9029999999999996       -6.6070000000000002     
   6.9673478299999996       -6.6302608699999999     
   7.0316956499999996       -6.6535217400000004     
   7.1153478300000002       -6.6837608700000004     
   7.1989999999999998       -6.7140000000000004     
   7.2826521700000004       -6.7439565200000002     
   7.3663043500000001       -6.7739130400000001     
   7.4306521700000001       -6.7969565200000002     
   7.4950000000000001       -6.8200000000000003     
   7.5626505599999998       -6.8442262100000004     
   7.6303011100000004       -6.8684524299999996     
   7.7106505600000004       -6.8972262100000004     
   7.7910000000000004       -6.9260000000000002     
   7.8746521700000001       -6.9562391300000002     
   7.9583043499999997       -6.9864782600000002     
   8.0226521700000006       -7.0097391299999998     
   8.0869999999999997       -7.0330000000000004     
   8.1706521700000003       -7.0629565200000002     
   8.2543043500000000       -7.0929130400000000     
   8.3186521700000000       -7.1159565200000001     
   8.3829999999999991       -7.1390000000000002     
   8.3725652200000003       -7.0635652200000001     
   8.3621304300000006       -6.9881304300000000     
   8.3485652199999993       -6.8900652200000003     
   8.3350000000000009       -6.7919999999999998     
   8.3238106900000002       -6.7093895699999999     
   8.3126213799999995       -6.6267791300000001     
   8.3003106899999999       -6.5358895700000001     
   8.2880000000000003       -6.4450000000000003     
   8.4295000000000009       -6.3724999999999996     
   8.5709999999999997       -6.2999999999999998     
   8.6570000000000000       -6.1814999999999998     
   8.7430000000000003       -6.0629999999999997
