#147
3.311920 -1.083160
3.328360 -1.063140
3.352440 -1.038670
3.373230 -1.017200
3.423290 -0.959920
3.447280 -0.932290
3.494330 -0.871860
3.516800 -0.842840
3.559110 -0.781550
3.580530 -0.750150
3.619270 -0.686790
3.639030 -0.653900
3.673640 -0.587690
3.687960 -0.560880
3.722300 -0.484960
3.734970 -0.457600
3.772025 -0.361880
3.802580 -0.269200
3.810820 -0.244580
3.836475 -0.146390
3.856520 -0.050750
3.862070 -0.024270
3.876770 0.078685
3.886800 0.186275
3.890950 0.301920
3.888515 0.417150
3.879625 0.529755
3.864525 0.640995
3.842700 0.753100
3.815090 0.861890
3.781345 0.969120
3.741145 1.075300
3.695220 1.178525
3.671150 1.227590
3.637300 1.333880
3.642110 1.407680
3.621060 1.426830
3.593775 1.451650
3.566495 1.476470
3.539215 1.501290
3.511935 1.526110
3.484655 1.550925
3.457375 1.575740
3.430095 1.600560
3.402815 1.625380
3.381760 1.644530
3.331540 1.704120
3.281820 1.738720
3.186340 1.817530
3.136650 1.852120
3.000980 1.883410
2.860660 1.942410
2.766625 1.969965
2.668910 1.983440
2.569220 1.982010
2.473035 1.965960
2.381330 1.935990
2.292800 1.891565
2.188900 1.823280
2.165515 1.790460
2.148810 1.757580
2.132110 1.724700
2.115400 1.691815
2.098700 1.658935
2.081995 1.626055
2.067860 1.598505
2.054525 1.564125
2.041340 1.529680
2.028155 1.495235
2.014975 1.460795
2.001785 1.426345
1.988605 1.391905
1.975420 1.357460
1.961300 1.320580
1.926255 1.263515
1.942460 1.234570
1.926115 1.148165
1.911050 1.050330
1.897065 0.951080
1.884385 0.851525
1.871735 0.752320
1.859420 0.653475
1.849015 0.555360
1.841395 0.456630
1.837140 0.357850
1.836170 0.259260
1.838470 0.160330
1.844075 0.061015
1.852960 -0.037655
1.865015 -0.135190
1.880415 -0.233140
1.899005 -0.330220
1.920815 -0.426680
1.945700 -0.521945
1.965145 -0.616725
1.961750 -0.657560
2.009110 -0.783990
2.020575 -0.811670
2.034690 -0.845745
2.048805 -0.879820
2.062915 -0.913890
2.077030 -0.947970
2.091145 -0.982040
2.105300 -1.016205
2.119450 -1.050370
2.133565 -1.084445
2.147675 -1.118520
2.161790 -1.152590
2.175905 -1.186670
2.190015 -1.220740
2.201490 -1.248420
2.144630 -1.274940
2.294530 -1.324630
2.359930 -1.334430
2.396190 -1.373230
2.411040 -1.415890
2.412585 -1.472660
2.402815 -1.510410
2.420190 -1.601225
2.417540 -1.649465
2.405730 -1.689710
2.314980 -1.738700
2.363885 -1.736870
2.436835 -1.711660
2.524140 -1.704900
2.556035 -1.646485
2.573910 -1.601800
2.633340 -1.618515
2.694070 -1.636855
2.754800 -1.655695
2.814710 -1.672030
2.809460 -1.709730
2.867745 -1.713800
2.946880 -1.743670
2.986980 -1.745950
2.897680 -1.682330
2.881990 -1.622820
2.881630 -1.591600
2.893180 -1.492190
2.887685 -1.426400
2.907085 -1.384510
2.963480 -1.334810
3.009750 -1.334810
3.060050 -1.297770
3.198145 -1.211475
3.306340 -1.208910
3.283150 -1.124390
3.311920 -1.083160
